Season,TeamID,FirstDayNum,LastDayNum,CoachName
1985,1102,0,154,reggie_minton
1985,1103,0,154,bob_huggins
1985,1104,0,154,wimp_sanderson
1985,1106,0,154,james_oliver
1985,1108,0,154,davey_whitney
1985,1109,0,154,freddie_goss
1985,1110,0,154,ed_tapscott
1985,1111,0,154,kevin_cantwell
1985,1112,0,154,lute_olson
1985,1113,0,154,bob_weinhauer
1985,1114,0,154,mike_newell
1985,1116,0,154,eddie_sutton
1985,1117,0,154,nelson_catalina
1985,1119,0,154,les_wothke
1985,1120,0,154,sonny_smith
1985,1121,0,154,marvin_vanover
1985,1122,0,154,howard_jackson
1985,1123,0,154,al_brown
1985,1124,0,154,jim_haller
1985,1126,0,154,cy_mcclairen
1985,1129,0,154,bobby_dye
1985,1130,0,154,gary_williams
1985,1131,0,154,john_kuester
1985,1132,0,154,john_weinert
1985,1133,0,154,dick_versace
1985,1134,0,154,mark_reiner
1985,1135,0,154,mike_cingiser
1985,1137,0,154,charles_woollum
1985,1139,0,154,joe_sexson
1985,1140,0,154,ladell_andersen
1985,1141,0,154,dick_parfitt
1985,1143,0,154,dick_kuchen
1985,1144,0,154,jerry_smith
1985,1145,0,154,nick_macarchuk
1985,1147,0,154,tommy_canterbury
1985,1149,0,154,tommy_gaither
1985,1150,0,154,hal_wissel
1985,1151,0,154,murray_arnold
1985,1152,0,154,bob_hallberg
1985,1153,0,154,tony_yates
1985,1154,0,154,les_robinson
1985,1155,0,154,cliff_ellis
1985,1156,0,154,kevin_mackey
1985,1159,0,154,tony_relvas
1985,1160,0,154,tom_apke
1985,1161,0,154,tony_mcandrews
1985,1162,0,154,wayne_szoke
1985,1163,0,154,dom_perno
1985,1165,0,154,tom_miller
1985,1166,0,154,willie_reed
1985,1168,0,154,george_mcquarn
1985,1171,0,154,paul_cormier
1985,1172,0,154,bobby_hussey
1985,1173,0,154,don_donoher
1985,1174,0,154,ron_rainey
1985,1175,0,154,joe_dean_davidson
1985,1177,0,154,joey_meyer
1985,1178,0,154,don_sicko
1985,1179,0,154,gary_garner
1985,1180,0,154,eddie_burke
1985,1181,0,154,mike_krzyzewski
1985,1182,0,154,jim_satalin
1985,1183,0,154,rick_samuels
1985,1184,0,154,max_good
1985,1185,0,154,jim_boyce
1985,1186,0,154,jerry_krause
1985,1187,0,154,charlie_harrison
1985,1190,0,154,barry_dowd
1985,1191,0,154,dick_walters
1985,1192,0,154,tom_green
1985,1193,0,154,terry_o'connor
1985,1196,0,154,norm_sloan
1985,1197,0,154,willie_booker
1985,1199,0,154,joe_williams
1985,1200,0,154,thomas_penders
1985,1201,0,154,tiny_grant
1985,1202,0,154,jene_davis
1985,1203,0,154,gerry_gimelstob
1985,1204,0,154,frank_kerns
1985,1206,0,154,joe_harrington
1985,1207,0,154,john_thompson_jr
1985,1208,0,154,hugh_durham
1985,1209,0,36,tom_pugliese
1985,1209,37,154,mark_slonaker
1985,1210,0,154,bobby_cremins
1985,1211,0,154,jay_hillock
1985,1212,0,154,fred_hobdy
1985,1215,0,154,dick_danford
1985,1216,0,154,jack_phelan
1985,1217,0,154,frank_mclaughlin
1985,1218,0,154,larry_little
1985,1220,0,154,dick_berg
1985,1221,0,154,george_blaney
1985,1222,0,154,guy_lewis
1985,1223,0,154,gene_iba
1985,1224,0,154,a_b_williamson
1985,1225,0,154,bill_trumbo
1985,1226,0,154,wayne_ballard
1985,1227,0,154,willie_little
1985,1228,0,154,lou_henson
1985,1229,0,154,bob_donewald
1985,1231,0,154,bob_knight
1985,1232,0,154,dave_schellhase
1985,1233,0,154,pat_kennedy
1985,1234,0,154,george_raveling
1985,1235,0,154,johnny_orr
1985,1238,0,154,paul_covington
1985,1239,0,154,bob_wenzel
1985,1241,0,154,lou_campanelli
1985,1242,0,154,larry_brown
1985,1243,0,154,jack_hartman
1985,1245,0,154,jim_mcdonald
1985,1246,0,154,joe_b_hall
1985,1247,0,154,lefty_ervin
1985,1248,0,154,butch_van_breda_kolff
1985,1249,0,154,pat_foster
1985,1250,0,154,tom_schneider
1985,1253,0,154,ron_palmer
1985,1254,0,154,paul_lizzo
1985,1256,0,154,andy_russo
1985,1257,0,154,denny_crum
1985,1258,0,154,ed_goorjian
1985,1259,0,154,mark_amatucci
1985,1260,0,154,gene_sullivan
1985,1261,0,154,dale_brown
1985,1263,0,154,skip_chappelle
1985,1264,0,154,gordon_chiesa
1985,1265,0,154,matt_furjanic
1985,1266,0,154,rick_majerus
1985,1267,0,154,rick_huckabay
1985,1268,0,154,lefty_driesell
1985,1269,0,154,ron_gerlufsen
1985,1270,0,154,glenn_duhon
1985,1271,0,154,howie_evans
1985,1272,0,154,dana_kirk
1985,1273,0,154,bill_bibb
1985,1275,0,154,jerry_peirson
1985,1276,0,154,bill_frieder
1985,1277,0,154,jud_heathcote
1985,1278,0,154,jim_dutcher
1985,1279,0,154,lee_hunt
1985,1280,0,154,bob_boyd
1985,1281,0,154,norm_stewart
1985,1283,0,154,charles_spoonhour
1985,1284,0,154,ron_kornegay
1985,1285,0,154,mike_montgomery
1985,1286,0,154,stu_starner
1985,1287,0,154,wayne_martin
1985,1288,0,37,thomas_dean
1985,1288,38,154,nathaniel_mcmillian
1985,1290,0,154,lafayette_stribling
1985,1292,0,154,bruce_stewart
1985,1293,0,154,ronald_greene
1985,1296,0,154,john_mcdougal
1985,1298,0,154,paul_evans
1985,1299,0,154,don_corbett
1985,1301,0,154,jim_valvano
1985,1304,0,154,moe_iba
1985,1305,0,154,sonny_allen
1985,1306,0,154,gerry_friel
1985,1307,0,154,gary_colson
1985,1308,0,154,weldon_drew
1985,1309,0,154,don_smith
1985,1310,0,154,pete_lonergan
1985,1311,0,154,gordon_stauffer
1985,1314,0,154,dean_smith
1985,1317,0,154,tommy_newman
1985,1318,0,154,jim_calhoun
1985,1319,0,154,jay_arnote
1985,1320,0,154,jim_berry
1985,1321,0,154,rich_falk
1985,1322,0,154,wayne_yates
1985,1323,0,154,digger_phelps
1985,1325,0,154,danny_nee
1985,1326,0,154,eldon_miller
1985,1327,0,154,abe_lemons
1985,1328,0,154,billy_tubbs
1985,1329,0,154,paul_hansen
1985,1330,0,154,paul_webb
1985,1331,0,154,dick_acres
1985,1332,0,154,don_monson
1985,1333,0,154,ralph_miller
1985,1334,0,154,tom_o'neill
1985,1335,0,154,craig_littlepage
1985,1336,0,154,bruce_parkhill
1985,1337,0,154,jim_harrick
1985,1338,0,154,roy_chipman
1985,1339,0,154,jack_avina
1985,1341,0,154,jim_duplantier
1985,1343,0,154,pete_carril
1985,1344,0,154,joseph_mullaney
1985,1345,0,154,gene_keady
1985,1347,0,154,joe_davis
1985,1348,0,154,brendan_malone
1985,1349,0,154,tommy_suitts
1985,1350,0,154,dick_tarrant
1985,1351,0,154,john_carpenter
1985,1352,0,154,jarrett_durham
1985,1353,0,154,tom_young
1985,1354,0,154,chico_caldwell
1985,1356,0,154,allen_van_winkle
1985,1359,0,154,mel_hankinson
1985,1360,0,154,hank_egan
1985,1361,0,154,smokey_gaines
1985,1363,0,154,bill_berry
1985,1364,0,154,jerry_pimm
1985,1365,0,154,carroll_williams
1985,1368,0,154,newton_chelette
1985,1371,0,154,p_j_carlesimo
1985,1373,0,154,john_griffin
1985,1374,0,154,dave_bliss
1985,1375,0,154,mike_hanks
1985,1376,0,154,bill_e_foster
1985,1378,0,154,lee_rose
1985,1379,0,154,m_k_turk
1985,1380,0,154,robert_hopkins
1985,1382,0,154,jim_j_o'brien
1985,1383,0,154,bob_valvano
1985,1384,0,154,kevin_porter
1985,1385,0,154,lou_carnesecca
1985,1386,0,154,jim_boyle
1985,1387,0,154,rich_grawer
1985,1388,0,154,bill_oates
1985,1389,0,154,bob_dukiet
1985,1390,0,154,tom_davis
1985,1391,0,154,glenn_wilkes
1985,1393,0,154,jim_boeheim
1985,1395,0,154,jim_killingsworth
1985,1396,0,154,john_chaney
1985,1397,0,154,don_devoe
1985,1398,0,49,edward_martin
1985,1398,50,154,ed_meyers
1985,1399,0,154,tom_deaton
1985,1400,0,154,bob_weltlich
1985,1401,0,154,shelby_metcalf
1985,1402,0,154,celester_collier
1985,1403,0,154,gerald_myers
1985,1405,0,154,bob_nichols
1985,1406,0,154,terry_truax
1985,1408,0,154,ned_fowler
1985,1409,0,154,nolan_richardson_jr
1985,1410,0,154,lon_kruger
1985,1411,0,154,robert_moreland
1985,1412,0,154,gene_bartow
1985,1414,0,154,bill_mulligan
1985,1416,0,154,chuck_machock
1985,1417,0,154,walt_hazzard
1985,1418,0,154,bobby_paschal
1985,1419,0,154,mike_vining
1985,1423,0,154,mel_gibson
1985,1424,0,154,jerry_tarkanian
1985,1425,0,154,stan_morrison
1985,1426,0,154,bob_snake_legrand
1985,1427,0,154,don_eddy
1985,1428,0,154,lynn_archibald
1985,1429,0,154,rod_tueller
1985,1431,0,154,don_haskins
1985,1432,0,154,larry_costello
1985,1433,0,154,j_d_barnett
1985,1434,0,154,tom_smith
1985,1435,0,154,c_m_newton
1985,1436,0,154,bill_whitmore
1985,1437,0,154,rollie_massimino
1985,1438,0,154,terry_holland
1985,1439,0,154,charles_moir
1985,1440,0,154,marty_fletcher
1985,1441,0,154,steve_cottrell
1985,1442,0,154,jack_margenthaler
1985,1443,0,154,clem_haskins
1985,1444,0,154,vern_payne
1985,1446,0,154,gary_moss
1985,1447,0,154,neil_kennett
1985,1448,0,154,carl_tacy
1985,1449,0,154,marv_harshman
1985,1450,0,154,len_stevens
1985,1451,0,154,neil_mccarthy
1985,1452,0,154,gale_catlett
1985,1453,0,154,dick_lien
1985,1455,0,154,gene_smithson
1985,1456,0,154,barry_parkhill
1985,1458,0,154,steve_yoder
1985,1461,0,154,jim_brandenburg
1985,1462,0,154,bob_staak
1985,1463,0,154,tom_brennan
1985,1464,0,154,mike_rice_sr
1986,1102,0,154,reggie_minton
1986,1103,0,154,bob_huggins
1986,1104,0,154,wimp_sanderson
1986,1106,0,154,james_oliver
1986,1108,0,154,davey_whitney
1986,1109,0,154,gary_zarecky
1986,1110,0,154,ed_tapscott
1986,1111,0,154,kevin_cantwell
1986,1112,0,154,lute_olson
1986,1113,0,154,steve_patterson
1986,1114,0,154,mike_newell
1986,1116,0,154,nolan_richardson_jr
1986,1117,0,154,nelson_catalina
1986,1119,0,154,les_wothke
1986,1120,0,154,sonny_smith
1986,1121,0,154,marvin_vanover
1986,1122,0,154,lake_kelly
1986,1123,0,154,al_brown
1986,1124,0,154,gene_iba
1986,1126,0,154,cy_mcclairen
1986,1129,0,154,bobby_dye
1986,1130,0,154,gary_williams
1986,1131,0,154,mike_jarvis
1986,1132,0,154,john_weinert
1986,1133,0,154,dick_versace
1986,1134,0,154,mark_reiner
1986,1135,0,154,mike_cingiser
1986,1137,0,154,charles_woollum
1986,1139,0,154,joe_sexson
1986,1140,0,154,ladell_andersen
1986,1141,0,154,charlie_coles
1986,1143,0,154,lou_campanelli
1986,1144,0,154,billy_lee
1986,1145,0,154,nick_macarchuk
1986,1147,0,154,tommy_canterbury
1986,1149,0,154,tommy_gaither
1986,1150,0,154,jeff_mullins
1986,1151,0,154,mack_mccarthy
1986,1152,0,154,bob_hallberg
1986,1153,0,154,tony_yates
1986,1154,0,154,randy_nesbit
1986,1155,0,154,cliff_ellis
1986,1156,0,154,kevin_mackey
1986,1159,0,154,tony_relvas
1986,1160,0,154,tom_apke
1986,1161,0,154,tony_mcandrews
1986,1162,0,154,wayne_szoke
1986,1163,0,154,dom_perno
1986,1164,0,154,john_bates
1986,1165,0,154,tom_miller
1986,1166,0,154,tony_barone
1986,1168,0,154,george_mcquarn
1986,1171,0,154,paul_cormier
1986,1172,0,154,bobby_hussey
1986,1173,0,154,don_donoher
1986,1174,0,154,steve_steinwedel
1986,1175,0,154,marshall_emery
1986,1177,0,154,joey_meyer
1986,1178,0,154,don_sicko
1986,1179,0,154,gary_garner
1986,1180,0,154,eddie_burke
1986,1181,0,154,mike_krzyzewski
1986,1182,0,154,jim_satalin
1986,1183,0,154,rick_samuels
1986,1184,0,154,max_good
1986,1185,0,79,jim_boyce
1986,1185,80,154,ben_braun
1986,1186,0,154,joe_folda
1986,1187,0,154,charlie_harrison
1986,1190,0,154,les_robinson
1986,1191,0,154,jim_crews
1986,1192,0,154,tom_green
1986,1193,0,154,mitch_buonaguro
1986,1196,0,154,norm_sloan
1986,1197,0,154,willie_booker
1986,1199,0,154,joe_williams
1986,1200,0,154,thomas_penders
1986,1201,0,154,tiny_grant
1986,1202,0,154,butch_estes
1986,1203,0,154,john_kuester
1986,1204,0,154,frank_kerns
1986,1206,0,154,joe_harrington
1986,1207,0,154,john_thompson_jr
1986,1208,0,154,hugh_durham
1986,1209,0,154,bob_reinhart
1986,1210,0,154,bobby_cremins
1986,1211,0,154,dan_fitzgerald
1986,1212,0,154,fred_hobdy
1986,1215,0,154,dick_danford
1986,1216,0,154,jack_phelan
1986,1217,0,154,peter_roby
1986,1218,0,154,frank_arnold
1986,1220,0,154,dick_berg
1986,1221,0,154,george_blaney
1986,1222,0,154,guy_lewis
1986,1223,0,154,tommy_jones
1986,1224,0,154,a_b_williamson
1986,1225,0,154,bill_trumbo
1986,1226,0,154,jim_boutin
1986,1227,0,154,willie_little
1986,1228,0,154,lou_henson
1986,1229,0,154,bob_donewald
1986,1231,0,154,bob_knight
1986,1232,0,154,ronald_greene
1986,1233,0,154,pat_kennedy
1986,1234,0,154,george_raveling
1986,1235,0,154,johnny_orr
1986,1238,0,154,paul_covington
1986,1239,0,154,bob_wenzel
1986,1241,0,154,john_thurston
1986,1242,0,154,larry_brown
1986,1243,0,154,jack_hartman
1986,1245,0,154,jim_mcdonald
1986,1246,0,154,eddie_sutton
1986,1247,0,154,lefty_ervin
1986,1248,0,154,butch_van_breda_kolff
1986,1249,0,154,pat_foster
1986,1250,0,154,fran_mccaffery
1986,1253,0,154,ron_palmer
1986,1254,0,154,paul_lizzo
1986,1256,0,154,tommy_joe_eagles
1986,1257,0,154,denny_crum
1986,1258,0,154,paul_westhead
1986,1259,0,154,mark_amatucci
1986,1260,0,154,gene_sullivan
1986,1261,0,154,dale_brown
1986,1263,0,154,skip_chappelle
1986,1264,0,154,tom_sullivan
1986,1265,0,154,matt_furjanic
1986,1266,0,154,rick_majerus
1986,1267,0,154,rick_huckabay
1986,1268,0,154,lefty_driesell
1986,1269,0,154,ron_gerlufsen
1986,1270,0,154,glenn_duhon
1986,1271,0,154,howie_evans
1986,1272,0,154,dana_kirk
1986,1273,0,154,bill_bibb
1986,1274,0,154,bill_c_foster
1986,1275,0,154,jerry_peirson
1986,1276,0,154,bill_frieder
1986,1277,0,154,jud_heathcote
1986,1278,0,91,jim_dutcher
1986,1278,92,154,jimmy_williams
1986,1279,0,154,lee_hunt
1986,1280,0,154,bob_boyd
1986,1281,0,154,norm_stewart
1986,1283,0,154,charles_spoonhour
1986,1284,0,154,ron_kornegay
1986,1285,0,154,mike_montgomery
1986,1286,0,154,stu_starner
1986,1287,0,154,wayne_martin
1986,1288,0,154,nathaniel_frazier
1986,1290,0,154,lafayette_stribling
1986,1292,0,154,bruce_stewart
1986,1293,0,154,steve_newton
1986,1296,0,154,john_mcdougal
1986,1298,0,154,paul_evans
1986,1299,0,154,don_corbett
1986,1301,0,154,jim_valvano
1986,1304,0,154,moe_iba
1986,1305,0,154,sonny_allen
1986,1306,0,154,gerry_friel
1986,1307,0,154,gary_colson
1986,1308,0,154,neil_mccarthy
1986,1309,0,154,benny_dees
1986,1310,0,154,andy_walker
1986,1311,0,154,gordon_stauffer
1986,1314,0,154,dean_smith
1986,1317,0,154,tommy_newman
1986,1318,0,154,jim_calhoun
1986,1319,0,154,jay_arnote
1986,1320,0,154,jim_berry
1986,1321,0,154,rich_falk
1986,1322,0,154,don_beasley
1986,1323,0,154,digger_phelps
1986,1325,0,154,danny_nee
1986,1326,0,154,eldon_miller
1986,1328,0,154,billy_tubbs
1986,1329,0,154,paul_hansen
1986,1330,0,154,tom_young
1986,1331,0,154,ted_owens
1986,1332,0,154,don_monson
1986,1333,0,154,ralph_miller
1986,1334,0,154,tom_o'neill
1986,1335,0,154,tom_schneider
1986,1336,0,154,bruce_parkhill
1986,1337,0,154,jim_harrick
1986,1338,0,154,roy_chipman
1986,1339,0,154,jack_avina
1986,1341,0,154,jim_duplantier
1986,1343,0,154,pete_carril
1986,1344,0,154,rick_pitino
1986,1345,0,154,gene_keady
1986,1347,0,154,joe_davis
1986,1348,0,154,brendan_malone
1986,1349,0,154,tommy_suitts
1986,1350,0,154,dick_tarrant
1986,1351,0,154,john_carpenter
1986,1352,0,154,jarrett_durham
1986,1353,0,154,craig_littlepage
1986,1354,0,154,chico_caldwell
1986,1356,0,154,rich_herrin
1986,1359,0,154,mel_hankinson
1986,1360,0,154,hank_egan
1986,1361,0,154,smokey_gaines
1986,1362,0,154,jim_brovelli
1986,1363,0,154,bill_berry
1986,1364,0,154,jerry_pimm
1986,1365,0,154,carroll_williams
1986,1368,0,154,newton_chelette
1986,1371,0,154,p_j_carlesimo
1986,1373,0,154,john_griffin
1986,1374,0,154,dave_bliss
1986,1375,0,154,mike_hanks
1986,1376,0,154,bill_e_foster
1986,1378,0,154,lee_rose
1986,1379,0,154,m_k_turk
1986,1380,0,154,robert_hopkins
1986,1382,0,154,jim_j_o'brien
1986,1383,0,154,bob_valvano
1986,1384,0,154,kevin_porter
1986,1385,0,154,lou_carnesecca
1986,1386,0,154,jim_boyle
1986,1387,0,154,rich_grawer
1986,1388,0,154,bill_oates
1986,1389,0,154,bob_dukiet
1986,1390,0,154,tom_davis
1986,1391,0,154,glenn_wilkes
1986,1393,0,154,jim_boeheim
1986,1395,0,154,jim_killingsworth
1986,1396,0,154,john_chaney
1986,1397,0,154,don_devoe
1986,1398,0,154,larry_reid
1986,1399,0,154,tom_deaton
1986,1400,0,154,bob_weltlich
1986,1401,0,154,shelby_metcalf
1986,1402,0,154,celester_collier
1986,1403,0,154,gerald_myers
1986,1405,0,154,bob_nichols
1986,1406,0,154,terry_truax
1986,1409,0,154,j_d_barnett
1986,1410,0,154,lon_kruger
1986,1411,0,154,robert_moreland
1986,1412,0,154,gene_bartow
1986,1414,0,154,bill_mulligan
1986,1416,0,154,phil_carter
1986,1417,0,154,walt_hazzard
1986,1418,0,154,bobby_paschal
1986,1419,0,154,mike_vining
1986,1423,0,154,mel_gibson
1986,1424,0,154,jerry_tarkanian
1986,1425,0,154,stan_morrison
1986,1426,0,154,bob_snake_legrand
1986,1427,0,94,don_eddy
1986,1427,95,154,larry_gatewood
1986,1428,0,154,lynn_archibald
1986,1429,0,154,rod_tueller
1986,1431,0,154,don_haskins
1986,1432,0,154,larry_costello
1986,1433,0,154,mike_pollio
1986,1434,0,154,tom_smith
1986,1435,0,154,c_m_newton
1986,1436,0,154,bill_whitmore
1986,1437,0,154,rollie_massimino
1986,1438,0,154,terry_holland
1986,1439,0,154,charles_moir
1986,1440,0,154,marty_fletcher
1986,1441,0,154,steve_cottrell
1986,1442,0,154,jack_margenthaler
1986,1443,0,154,clem_haskins
1986,1444,0,154,vern_payne
1986,1446,0,154,gary_moss
1986,1447,0,154,neil_kennett
1986,1448,0,154,bob_staak
1986,1449,0,154,andy_russo
1986,1450,0,154,len_stevens
1986,1451,0,154,larry_farmer
1986,1452,0,154,gale_catlett
1986,1453,0,154,dick_bennett
1986,1455,0,154,gene_smithson
1986,1456,0,154,barry_parkhill
1986,1458,0,154,steve_yoder
1986,1461,0,154,jim_brandenburg
1986,1462,0,154,pete_gillen
1986,1463,0,154,tom_brennan
1986,1464,0,154,mike_rice_sr
1987,1102,0,154,reggie_minton
1987,1103,0,154,bob_huggins
1987,1104,0,154,wimp_sanderson
1987,1106,0,154,james_oliver
1987,1108,0,154,davey_whitney
1987,1109,0,154,gary_zarecky
1987,1110,0,154,ed_tapscott
1987,1111,0,154,tom_apke
1987,1112,0,154,lute_olson
1987,1113,0,154,steve_patterson
1987,1114,0,154,mike_newell
1987,1116,0,154,nolan_richardson_jr
1987,1117,0,154,nelson_catalina
1987,1118,0,154,renny_bryner
1987,1119,0,154,les_wothke
1987,1120,0,154,sonny_smith
1987,1121,0,154,neal_cody
1987,1122,0,154,lake_kelly
1987,1123,0,154,al_brown
1987,1124,0,154,gene_iba
1987,1126,0,154,cy_mcclairen
1987,1129,0,154,bobby_dye
1987,1130,0,154,jim_j_o'brien
1987,1131,0,154,mike_jarvis
1987,1132,0,154,jim_larranaga
1987,1133,0,154,stan_albeck
1987,1134,0,154,mark_reiner
1987,1135,0,154,mike_cingiser
1987,1137,0,154,charles_woollum
1987,1139,0,154,joe_sexson
1987,1140,0,154,ladell_andersen
1987,1141,0,154,charlie_coles
1987,1143,0,154,lou_campanelli
1987,1144,0,154,billy_lee
1987,1145,0,154,nick_macarchuk
1987,1147,0,154,tommy_canterbury
1987,1148,0,154,bill_detrick
1987,1149,0,154,tommy_gaither
1987,1150,0,154,jeff_mullins
1987,1151,0,154,mack_mccarthy
1987,1152,0,154,bob_hallberg
1987,1153,0,154,tony_yates
1987,1154,0,154,randy_nesbit
1987,1155,0,154,cliff_ellis
1987,1156,0,154,kevin_mackey
1987,1157,0,154,russ_bergman
1987,1159,0,154,joe_baker
1987,1160,0,154,tom_miller
1987,1161,0,154,tony_mcandrews
1987,1162,0,154,wayne_szoke
1987,1163,0,154,jim_calhoun
1987,1164,0,154,fang_mitchell
1987,1165,0,154,mike_dement
1987,1166,0,154,tony_barone
1987,1168,0,154,george_mcquarn
1987,1171,0,154,paul_cormier
1987,1172,0,154,bobby_hussey
1987,1173,0,154,don_donoher
1987,1174,0,154,steve_steinwedel
1987,1175,0,154,marshall_emery
1987,1177,0,154,joey_meyer
1987,1178,0,154,don_sicko
1987,1179,0,154,gary_garner
1987,1180,0,154,eddie_burke
1987,1181,0,154,mike_krzyzewski
1987,1182,0,154,jim_satalin
1987,1183,0,154,rick_samuels
1987,1184,0,154,max_good
1987,1185,0,154,ben_braun
1987,1186,0,154,joe_folda
1987,1187,0,154,charlie_harrison
1987,1190,0,154,les_robinson
1987,1191,0,154,jim_crews
1987,1192,0,154,tom_green
1987,1193,0,154,mitch_buonaguro
1987,1196,0,154,norm_sloan
1987,1197,0,154,willie_booker
1987,1199,0,154,pat_kennedy
1987,1200,0,154,bob_quinn
1987,1201,0,154,ron_adams
1987,1202,0,154,butch_estes
1987,1203,0,154,john_kuester
1987,1204,0,154,frank_kerns
1987,1206,0,154,joe_harrington
1987,1207,0,154,john_thompson_jr
1987,1208,0,154,hugh_durham
1987,1209,0,154,bob_reinhart
1987,1210,0,154,bobby_cremins
1987,1211,0,154,dan_fitzgerald
1987,1212,0,154,robert_hopkins
1987,1215,0,154,dick_danford
1987,1216,0,154,jack_phelan
1987,1217,0,154,peter_roby
1987,1218,0,154,frank_arnold
1987,1220,0,154,dick_berg
1987,1221,0,154,george_blaney
1987,1222,0,154,pat_foster
1987,1223,0,154,tommy_jones
1987,1224,0,154,a_b_williamson
1987,1225,0,154,tim_floyd
1987,1226,0,154,jim_boutin
1987,1227,0,154,willie_little
1987,1228,0,154,lou_henson
1987,1229,0,154,bob_donewald
1987,1231,0,154,bob_knight
1987,1232,0,154,ronald_greene
1987,1233,0,154,gary_brokaw
1987,1234,0,154,tom_davis
1987,1235,0,154,johnny_orr
1987,1238,0,154,john_prince
1987,1239,0,154,bob_wenzel
1987,1241,0,154,john_thurston
1987,1242,0,154,larry_brown
1987,1243,0,154,lon_kruger
1987,1245,0,154,jim_mcdonald
1987,1246,0,154,eddie_sutton
1987,1247,0,154,speedy_morris
1987,1248,0,154,butch_van_breda_kolff
1987,1249,0,154,tom_abatemarco
1987,1250,0,154,fran_mccaffery
1987,1253,0,154,ron_palmer
1987,1254,0,154,paul_lizzo
1987,1256,0,154,tommy_joe_eagles
1987,1257,0,154,denny_crum
1987,1258,0,154,paul_westhead
1987,1259,0,154,mark_amatucci
1987,1260,0,154,gene_sullivan
1987,1261,0,154,dale_brown
1987,1263,0,154,skip_chappelle
1987,1264,0,154,delle_bovi
1987,1265,0,154,dave_magarity
1987,1266,0,154,bob_dukiet
1987,1267,0,154,rick_huckabay
1987,1268,0,154,bob_wade
1987,1269,0,154,ron_gerlufsen
1987,1270,0,154,glenn_duhon
1987,1271,0,154,howie_evans
1987,1272,0,154,larry_finch
1987,1273,0,154,bill_bibb
1987,1274,0,154,bill_c_foster
1987,1275,0,154,jerry_peirson
1987,1276,0,154,bill_frieder
1987,1277,0,154,jud_heathcote
1987,1278,0,154,clem_haskins
1987,1279,0,154,ed_murphy
1987,1280,0,154,richard_williams
1987,1281,0,154,norm_stewart
1987,1283,0,154,charles_spoonhour
1987,1284,0,54,ron_kornegay
1987,1284,55,154,ron_krayel
1987,1285,0,154,stew_morrill
1987,1286,0,154,stu_starner
1987,1287,0,154,wayne_martin
1987,1288,0,154,nathaniel_frazier
1987,1290,0,154,lafayette_stribling
1987,1292,0,154,bruce_stewart
1987,1293,0,154,steve_newton
1987,1296,0,154,jim_rosborough
1987,1298,0,154,pete_herrmann
1987,1299,0,154,don_corbett
1987,1301,0,154,jim_valvano
1987,1304,0,154,danny_nee
1987,1305,0,154,sonny_allen
1987,1306,0,154,gerry_friel
1987,1307,0,154,gary_colson
1987,1308,0,154,neil_mccarthy
1987,1309,0,154,benny_dees
1987,1310,0,154,andy_walker
1987,1311,0,154,gordon_stauffer
1987,1314,0,154,dean_smith
1987,1317,0,154,jimmy_gales
1987,1318,0,154,karl_fogel
1987,1319,0,154,jay_arnote
1987,1320,0,154,eldon_miller
1987,1321,0,154,bill_e_foster
1987,1322,0,154,don_beasley
1987,1323,0,154,digger_phelps
1987,1325,0,154,billy_hahn
1987,1326,0,154,gary_williams
1987,1328,0,154,billy_tubbs
1987,1329,0,154,leonard_hamilton
1987,1330,0,154,tom_young
1987,1331,0,154,ted_owens
1987,1332,0,154,don_monson
1987,1333,0,154,ralph_miller
1987,1334,0,154,tom_o'neill
1987,1335,0,154,tom_schneider
1987,1336,0,154,bruce_parkhill
1987,1337,0,154,jim_harrick
1987,1338,0,154,paul_evans
1987,1339,0,154,jack_avina
1987,1341,0,154,jim_duplantier
1987,1343,0,154,pete_carril
1987,1344,0,154,rick_pitino
1987,1345,0,154,gene_keady
1987,1347,0,154,joe_davis
1987,1348,0,154,thomas_penders
1987,1349,0,94,tommy_suitts
1987,1349,95,154,greg_walcavich
1987,1350,0,154,dick_tarrant
1987,1351,0,154,john_carpenter
1987,1352,0,154,jarrett_durham
1987,1353,0,154,craig_littlepage
1987,1354,0,154,chico_caldwell
1987,1356,0,154,rich_herrin
1987,1358,0,154,steve_tucker
1987,1359,0,154,mel_hankinson
1987,1360,0,154,hank_egan
1987,1361,0,154,smokey_gaines
1987,1362,0,154,jim_brovelli
1987,1363,0,154,bill_berry
1987,1364,0,154,jerry_pimm
1987,1365,0,154,carroll_williams
1987,1368,0,154,newton_chelette
1987,1371,0,154,p_j_carlesimo
1987,1372,0,154,harry_miller
1987,1373,0,154,mike_deane
1987,1374,0,154,dave_bliss
1987,1375,0,154,mike_hanks
1987,1376,0,154,george_felton
1987,1378,0,154,bobby_paschal
1987,1379,0,154,m_k_turk
1987,1380,0,154,ben_jobe
1987,1382,0,154,ron_decarli
1987,1383,0,154,bob_valvano
1987,1384,0,154,kevin_porter
1987,1385,0,154,lou_carnesecca
1987,1386,0,154,jim_boyle
1987,1387,0,154,rich_grawer
1987,1388,0,154,lynn_nance
1987,1389,0,154,ted_fiore
1987,1390,0,154,mike_montgomery
1987,1391,0,154,glenn_wilkes
1987,1393,0,154,jim_boeheim
1987,1395,0,154,jim_killingsworth
1987,1396,0,154,john_chaney
1987,1397,0,154,don_devoe
1987,1398,0,154,larry_reid
1987,1399,0,154,tom_deaton
1987,1400,0,154,bob_weltlich
1987,1401,0,154,shelby_metcalf
1987,1402,0,154,harry_larrabee
1987,1403,0,154,gerald_myers
1987,1405,0,154,bob_nichols
1987,1406,0,154,terry_truax
1987,1409,0,154,j_d_barnett
1987,1410,0,154,kevin_wall
1987,1411,0,154,robert_moreland
1987,1412,0,154,gene_bartow
1987,1414,0,154,bill_mulligan
1987,1416,0,154,phil_carter
1987,1417,0,154,walt_hazzard
1987,1418,0,154,marty_fletcher
1987,1419,0,154,mike_vining
1987,1420,0,154,jeff_bzdelik
1987,1421,0,154,jerry_green
1987,1423,0,154,robert_mcpherson
1987,1424,0,154,jerry_tarkanian
1987,1425,0,154,george_raveling
1987,1426,0,154,bob_snake_legrand
1987,1427,0,154,ken_burmeister
1987,1428,0,154,lynn_archibald
1987,1429,0,154,rod_tueller
1987,1431,0,154,don_haskins
1987,1432,0,154,larry_costello
1987,1433,0,154,mike_pollio
1987,1434,0,154,tom_smith
1987,1435,0,154,c_m_newton
1987,1436,0,154,tom_brennan
1987,1437,0,154,rollie_massimino
1987,1438,0,154,terry_holland
1987,1439,0,154,charles_moir
1987,1440,0,154,joey_cantafio
1987,1441,0,154,steve_cottrell
1987,1442,0,154,jack_margenthaler
1987,1443,0,154,murray_arnold
1987,1444,0,154,vern_payne
1987,1447,0,154,neil_kennett
1987,1448,0,154,bob_staak
1987,1449,0,154,andy_russo
1987,1450,0,154,len_stevens
1987,1451,0,154,larry_farmer
1987,1452,0,154,gale_catlett
1987,1453,0,154,dick_bennett
1987,1455,0,154,eddie_fogler
1987,1456,0,154,barry_parkhill
1987,1457,0,154,steve_vacendak
1987,1458,0,154,steve_yoder
1987,1461,0,154,jim_brandenburg
1987,1462,0,154,pete_gillen
1987,1463,0,154,dick_kuchen
1987,1464,0,154,mike_rice_sr
1988,1102,0,154,reggie_minton
1988,1103,0,154,bob_huggins
1988,1104,0,154,wimp_sanderson
1988,1106,0,154,james_oliver
1988,1108,0,154,davey_whitney
1988,1109,0,154,gary_zarecky
1988,1110,0,154,ed_tapscott
1988,1111,0,154,tom_apke
1988,1112,0,154,lute_olson
1988,1113,0,154,steve_patterson
1988,1114,0,154,mike_newell
1988,1116,0,154,nolan_richardson_jr
1988,1117,0,154,nelson_catalina
1988,1119,0,154,les_wothke
1988,1120,0,154,sonny_smith
1988,1121,0,154,neal_cody
1988,1122,0,154,lake_kelly
1988,1123,0,154,rick_majerus
1988,1124,0,154,gene_iba
1988,1126,0,154,cy_mcclairen
1988,1129,0,154,bobby_dye
1988,1130,0,154,jim_j_o'brien
1988,1131,0,154,mike_jarvis
1988,1132,0,154,jim_larranaga
1988,1133,0,154,stan_albeck
1988,1134,0,154,mark_reiner
1988,1135,0,154,mike_cingiser
1988,1137,0,154,charles_woollum
1988,1139,0,154,joe_sexson
1988,1140,0,154,ladell_andersen
1988,1141,0,154,charlie_coles
1988,1143,0,154,lou_campanelli
1988,1144,0,154,billy_lee
1988,1145,0,154,marty_marbach
1988,1147,0,154,tommy_canterbury
1988,1148,0,42,bill_detrick
1988,1148,43,154,c_j_jones
1988,1149,0,154,gary_edwards
1988,1150,0,154,jeff_mullins
1988,1151,0,154,mack_mccarthy
1988,1152,0,154,tommy_suitts
1988,1153,0,154,tony_yates
1988,1154,0,154,randy_nesbit
1988,1155,0,154,cliff_ellis
1988,1156,0,154,kevin_mackey
1988,1157,0,154,russ_bergman
1988,1159,0,154,joe_baker
1988,1160,0,154,tom_miller
1988,1161,0,154,tiny_grant
1988,1162,0,154,wally_halas
1988,1163,0,154,jim_calhoun
1988,1164,0,154,fang_mitchell
1988,1165,0,154,mike_dement
1988,1166,0,154,tony_barone
1988,1168,0,154,george_mcquarn
1988,1171,0,154,paul_cormier
1988,1172,0,154,bobby_hussey
1988,1173,0,154,don_donoher
1988,1174,0,154,steve_steinwedel
1988,1175,0,154,marshall_emery
1988,1177,0,154,joey_meyer
1988,1178,0,34,don_sicko
1988,1178,35,154,john_mulroy
1988,1179,0,154,gary_garner
1988,1180,0,154,eddie_burke
1988,1181,0,154,mike_krzyzewski
1988,1182,0,154,jim_satalin
1988,1183,0,154,rick_samuels
1988,1184,0,154,max_good
1988,1185,0,154,ben_braun
1988,1186,0,154,bob_hofman
1988,1187,0,154,mike_steele
1988,1190,0,154,les_robinson
1988,1191,0,154,jim_crews
1988,1192,0,154,tom_green
1988,1193,0,154,mitch_buonaguro
1988,1196,0,154,norm_sloan
1988,1197,0,154,willie_booker
1988,1198,0,154,rich_walker
1988,1199,0,154,pat_kennedy
1988,1200,0,154,nick_macarchuk
1988,1201,0,154,ron_adams
1988,1202,0,154,butch_estes
1988,1203,0,154,john_kuester
1988,1204,0,154,frank_kerns
1988,1206,0,154,rick_barnes
1988,1207,0,154,john_thompson_jr
1988,1208,0,154,hugh_durham
1988,1209,0,154,bob_reinhart
1988,1210,0,154,bobby_cremins
1988,1211,0,154,dan_fitzgerald
1988,1212,0,154,robert_hopkins
1988,1215,0,154,dick_danford
1988,1216,0,154,jack_phelan
1988,1217,0,154,peter_roby
1988,1218,0,154,riley_wallace
1988,1220,0,154,dick_berg
1988,1221,0,154,george_blaney
1988,1222,0,154,pat_foster
1988,1223,0,154,tommy_jones
1988,1224,0,154,a_b_williamson
1988,1225,0,154,tim_floyd
1988,1226,0,154,jim_boutin
1988,1227,0,154,bob_hallberg
1988,1228,0,154,lou_henson
1988,1229,0,154,bob_donewald
1988,1231,0,154,bob_knight
1988,1232,0,154,ronald_greene
1988,1233,0,154,gary_brokaw
1988,1234,0,154,tom_davis
1988,1235,0,154,johnny_orr
1988,1238,0,154,john_prince
1988,1239,0,154,rich_haddad
1988,1241,0,87,john_thurston
1988,1241,88,154,tom_mccorry
1988,1242,0,154,larry_brown
1988,1243,0,154,lon_kruger
1988,1245,0,154,jim_mcdonald
1988,1246,0,154,eddie_sutton
1988,1247,0,154,speedy_morris
1988,1248,0,154,butch_van_breda_kolff
1988,1249,0,154,tom_abatemarco
1988,1250,0,154,fran_mccaffery
1988,1253,0,154,joe_harrington
1988,1254,0,154,paul_lizzo
1988,1256,0,154,tommy_joe_eagles
1988,1257,0,154,denny_crum
1988,1258,0,154,paul_westhead
1988,1259,0,154,mark_amatucci
1988,1260,0,154,gene_sullivan
1988,1261,0,154,dale_brown
1988,1263,0,154,skip_chappelle
1988,1264,0,154,delle_bovi
1988,1265,0,154,dave_magarity
1988,1266,0,154,bob_dukiet
1988,1267,0,154,rick_huckabay
1988,1268,0,154,bob_wade
1988,1269,0,154,ron_gerlufsen
1988,1270,0,154,steve_welch
1988,1271,0,154,steve_williams
1988,1272,0,154,larry_finch
1988,1273,0,154,bill_bibb
1988,1274,0,154,bill_c_foster
1988,1275,0,154,jerry_peirson
1988,1276,0,154,bill_frieder
1988,1277,0,154,jud_heathcote
1988,1278,0,154,clem_haskins
1988,1279,0,154,ed_murphy
1988,1280,0,154,richard_williams
1988,1281,0,154,norm_stewart
1988,1283,0,154,charles_spoonhour
1988,1284,0,154,wayne_szoke
1988,1285,0,154,stew_morrill
1988,1286,0,154,stu_starner
1988,1287,0,154,tommy_gaither
1988,1288,0,154,nathaniel_frazier
1988,1290,0,154,lafayette_stribling
1988,1292,0,154,bruce_stewart
1988,1293,0,154,steve_newton
1988,1296,0,154,jim_rosborough
1988,1298,0,154,pete_herrmann
1988,1299,0,154,don_corbett
1988,1301,0,154,jim_valvano
1988,1304,0,154,danny_nee
1988,1305,0,154,len_stevens
1988,1306,0,154,gerry_friel
1988,1307,0,154,gary_colson
1988,1308,0,154,neil_mccarthy
1988,1309,0,154,art_tolis
1988,1310,0,154,andy_walker
1988,1311,0,154,gordon_stauffer
1988,1314,0,154,dean_smith
1988,1317,0,154,jimmy_gales
1988,1318,0,154,karl_fogel
1988,1319,0,154,jay_arnote
1988,1320,0,154,eldon_miller
1988,1321,0,154,bill_e_foster
1988,1322,0,154,don_beasley
1988,1323,0,154,digger_phelps
1988,1325,0,154,billy_hahn
1988,1326,0,154,gary_williams
1988,1328,0,154,billy_tubbs
1988,1329,0,154,leonard_hamilton
1988,1330,0,154,tom_young
1988,1331,0,154,ken_trickey
1988,1332,0,154,don_monson
1988,1333,0,154,ralph_miller
1988,1334,0,84,tom_o'neill
1988,1334,85,154,denis_willens
1988,1335,0,154,tom_schneider
1988,1336,0,154,bruce_parkhill
1988,1337,0,154,jim_harrick
1988,1338,0,154,paul_evans
1988,1339,0,154,larry_steele
1988,1341,0,154,jim_duplantier
1988,1343,0,154,pete_carril
1988,1344,0,154,gordon_chiesa
1988,1345,0,154,gene_keady
1988,1347,0,154,joe_davis
1988,1348,0,154,thomas_penders
1988,1349,0,154,scott_thompson
1988,1350,0,154,dick_tarrant
1988,1351,0,154,john_carpenter
1988,1352,0,154,jarrett_durham
1988,1353,0,154,craig_littlepage
1988,1354,0,154,cy_alexander
1988,1356,0,154,rich_herrin
1988,1358,0,154,gary_moss
1988,1359,0,154,ed_mclean
1988,1360,0,154,hank_egan
1988,1361,0,154,jim_brandenburg
1988,1362,0,154,jim_brovelli
1988,1363,0,154,bill_berry
1988,1364,0,154,jerry_pimm
1988,1365,0,154,carroll_williams
1988,1368,0,65,newton_chelette
1988,1368,66,154,leo_mcclure
1988,1371,0,154,p_j_carlesimo
1988,1372,0,154,harry_miller
1988,1373,0,154,mike_deane
1988,1374,0,154,dave_bliss
1988,1375,0,154,ronnie_arrow
1988,1376,0,154,george_felton
1988,1378,0,154,bobby_paschal
1988,1379,0,154,m_k_turk
1988,1380,0,154,ben_jobe
1988,1382,0,154,ron_decarli
1988,1383,0,154,bob_valvano
1988,1384,0,154,jim_baron
1988,1385,0,154,lou_carnesecca
1988,1386,0,154,jim_boyle
1988,1387,0,154,rich_grawer
1988,1388,0,154,lynn_nance
1988,1389,0,154,ted_fiore
1988,1390,0,154,mike_montgomery
1988,1391,0,154,glenn_wilkes
1988,1393,0,154,jim_boeheim
1988,1395,0,154,moe_iba
1988,1396,0,154,john_chaney
1988,1397,0,154,don_devoe
1988,1398,0,154,larry_reid
1988,1399,0,154,tom_deaton
1988,1400,0,154,bob_weltlich
1988,1401,0,154,shelby_metcalf
1988,1402,0,154,harry_larrabee
1988,1403,0,154,gerald_myers
1988,1405,0,154,jay_eck
1988,1406,0,154,terry_truax
1988,1409,0,154,j_d_barnett
1988,1410,0,154,kevin_wall
1988,1411,0,154,robert_moreland
1988,1412,0,154,gene_bartow
1988,1414,0,154,bill_mulligan
1988,1416,0,154,phil_carter
1988,1417,0,154,walt_hazzard
1988,1418,0,154,marty_fletcher
1988,1419,0,154,mike_vining
1988,1420,0,154,jeff_bzdelik
1988,1421,0,154,jerry_green
1988,1423,0,154,robert_mcpherson
1988,1424,0,154,jerry_tarkanian
1988,1425,0,154,george_raveling
1988,1426,0,154,jerry_stone
1988,1427,0,154,ken_burmeister
1988,1428,0,154,lynn_archibald
1988,1429,0,154,rod_tueller
1988,1431,0,154,don_haskins
1988,1433,0,154,mike_pollio
1988,1434,0,154,tom_smith
1988,1435,0,154,c_m_newton
1988,1436,0,154,tom_brennan
1988,1437,0,154,rollie_massimino
1988,1438,0,154,terry_holland
1988,1439,0,154,frankie_allen
1988,1440,0,154,joey_cantafio
1988,1441,0,154,herb_krusen
1988,1442,0,154,jack_margenthaler
1988,1443,0,154,murray_arnold
1988,1444,0,154,vern_payne
1988,1447,0,154,neil_kennett
1988,1448,0,154,bob_staak
1988,1449,0,154,andy_russo
1988,1450,0,154,kelvin_sampson
1988,1451,0,154,larry_farmer
1988,1452,0,154,gale_catlett
1988,1453,0,154,dick_bennett
1988,1455,0,154,eddie_fogler
1988,1456,0,154,chuck_swenson
1988,1457,0,154,steve_vacendak
1988,1458,0,154,steve_yoder
1988,1460,0,154,ralph_underhill
1988,1461,0,154,benny_dees
1988,1462,0,154,pete_gillen
1988,1463,0,154,dick_kuchen
1988,1464,0,154,jim_cleamons
1989,1102,0,154,reggie_minton
1989,1103,0,154,bob_huggins
1989,1104,0,154,wimp_sanderson
1989,1106,0,154,james_oliver
1989,1108,0,154,davey_whitney
1989,1109,0,154,gary_zarecky
1989,1110,0,154,ed_tapscott
1989,1111,0,154,tom_apke
1989,1112,0,154,lute_olson
1989,1113,0,95,steve_patterson
1989,1113,96,154,bob_schermerhorn
1989,1114,0,154,mike_newell
1989,1116,0,154,nolan_richardson_jr
1989,1117,0,154,nelson_catalina
1989,1119,0,154,les_wothke
1989,1120,0,154,sonny_smith
1989,1121,0,154,clint_bryant
1989,1122,0,154,lake_kelly
1989,1123,0,154,rick_majerus
1989,1124,0,154,gene_iba
1989,1126,0,154,cy_mcclairen
1989,1129,0,154,bobby_dye
1989,1130,0,154,jim_j_o'brien
1989,1131,0,154,mike_jarvis
1989,1132,0,154,jim_larranaga
1989,1133,0,154,stan_albeck
1989,1134,0,154,mark_reiner
1989,1135,0,154,mike_cingiser
1989,1137,0,154,charles_woollum
1989,1139,0,154,joe_sexson
1989,1140,0,154,ladell_andersen
1989,1141,0,154,charlie_coles
1989,1143,0,154,lou_campanelli
1989,1144,0,154,billy_lee
1989,1145,0,154,marty_marbach
1989,1147,0,154,tommy_canterbury
1989,1148,0,154,mike_brown
1989,1149,0,154,gary_edwards
1989,1150,0,154,jeff_mullins
1989,1151,0,154,mack_mccarthy
1989,1152,0,154,tommy_suitts
1989,1153,0,154,tony_yates
1989,1154,0,154,randy_nesbit
1989,1155,0,154,cliff_ellis
1989,1156,0,154,kevin_mackey
1989,1157,0,154,russ_bergman
1989,1159,0,154,joe_baker
1989,1160,0,154,tom_miller
1989,1161,0,154,tiny_grant
1989,1162,0,154,wally_halas
1989,1163,0,154,jim_calhoun
1989,1164,0,154,fang_mitchell
1989,1165,0,154,mike_dement
1989,1166,0,154,tony_barone
1989,1168,0,154,john_sneed
1989,1171,0,154,paul_cormier
1989,1172,0,154,bobby_hussey
1989,1173,0,154,don_donoher
1989,1174,0,154,steve_steinwedel
1989,1175,0,154,jeff_jones
1989,1177,0,154,joey_meyer
1989,1178,0,154,ricky_byrdsong
1989,1179,0,154,tom_abatemarco
1989,1180,0,154,eddie_burke
1989,1181,0,154,mike_krzyzewski
1989,1182,0,154,jim_satalin
1989,1183,0,154,rick_samuels
1989,1184,0,154,max_good
1989,1185,0,154,ben_braun
1989,1186,0,154,bob_hofman
1989,1187,0,154,mike_steele
1989,1190,0,154,les_robinson
1989,1191,0,154,jim_crews
1989,1192,0,154,tom_green
1989,1193,0,154,mitch_buonaguro
1989,1196,0,154,norm_sloan
1989,1197,0,154,willie_booker
1989,1198,0,154,rich_walker
1989,1199,0,154,pat_kennedy
1989,1200,0,154,nick_macarchuk
1989,1201,0,154,ron_adams
1989,1202,0,154,butch_estes
1989,1203,0,154,john_kuester
1989,1204,0,154,frank_kerns
1989,1206,0,154,ernie_nestor
1989,1207,0,154,john_thompson_jr
1989,1208,0,154,hugh_durham
1989,1209,0,154,bob_reinhart
1989,1210,0,154,bobby_cremins
1989,1211,0,154,dan_fitzgerald
1989,1212,0,154,robert_hopkins
1989,1215,0,154,dennis_harp
1989,1216,0,154,jack_phelan
1989,1217,0,154,peter_roby
1989,1218,0,154,riley_wallace
1989,1220,0,154,butch_van_breda_kolff
1989,1221,0,154,george_blaney
1989,1222,0,154,pat_foster
1989,1223,0,154,tommy_jones
1989,1224,0,154,a_b_williamson
1989,1225,0,154,kermit_davis
1989,1226,0,154,jim_boutin
1989,1227,0,154,bob_hallberg
1989,1228,0,154,lou_henson
1989,1229,0,154,bob_donewald
1989,1231,0,154,bob_knight
1989,1232,0,154,ronald_greene
1989,1233,0,154,gary_brokaw
1989,1234,0,154,tom_davis
1989,1235,0,154,johnny_orr
1989,1238,0,154,john_prince
1989,1239,0,154,rich_haddad
1989,1241,0,154,lefty_driesell
1989,1242,0,154,roy_williams
1989,1243,0,154,lon_kruger
1989,1245,0,154,jim_mcdonald
1989,1246,0,154,eddie_sutton
1989,1247,0,154,speedy_morris
1989,1248,0,154,john_leone
1989,1249,0,154,tony_branch
1989,1250,0,154,dave_duke
1989,1251,0,154,jeff_meyer
1989,1253,0,154,joe_harrington
1989,1254,0,154,paul_lizzo
1989,1256,0,154,tommy_joe_eagles
1989,1257,0,154,denny_crum
1989,1258,0,154,paul_westhead
1989,1259,0,154,mark_amatucci
1989,1260,0,154,gene_sullivan
1989,1261,0,154,dale_brown
1989,1263,0,154,rudy_keeling
1989,1264,0,154,steve_lappas
1989,1265,0,154,dave_magarity
1989,1266,0,154,bob_dukiet
1989,1267,0,154,rick_huckabay
1989,1268,0,154,bob_wade
1989,1269,0,154,john_calipari
1989,1270,0,154,steve_welch
1989,1271,0,154,steve_williams
1989,1272,0,154,larry_finch
1989,1273,0,154,bill_bibb
1989,1274,0,154,bill_c_foster
1989,1275,0,154,jerry_peirson
1989,1276,0,134,bill_frieder
1989,1276,135,154,steve_fisher
1989,1277,0,154,jud_heathcote
1989,1278,0,154,clem_haskins
1989,1279,0,154,ed_murphy
1989,1280,0,154,richard_williams
1989,1281,0,154,norm_stewart
1989,1283,0,154,charles_spoonhour
1989,1284,0,154,wayne_szoke
1989,1285,0,154,stew_morrill
1989,1286,0,154,stu_starner
1989,1287,0,154,tommy_gaither
1989,1288,0,154,nathaniel_frazier
1989,1290,0,154,lafayette_stribling
1989,1291,0,154,jim_phelan
1989,1292,0,154,bruce_stewart
1989,1293,0,154,steve_newton
1989,1296,0,154,jim_rosborough
1989,1298,0,154,pete_herrmann
1989,1299,0,154,don_corbett
1989,1301,0,154,jim_valvano
1989,1304,0,154,danny_nee
1989,1305,0,154,len_stevens
1989,1306,0,154,gerry_friel
1989,1307,0,154,dave_bliss
1989,1308,0,154,neil_mccarthy
1989,1309,0,154,tim_floyd
1989,1310,0,154,andy_walker
1989,1311,0,154,gordon_stauffer
1989,1314,0,154,dean_smith
1989,1317,0,154,jimmy_gales
1989,1318,0,154,karl_fogel
1989,1319,0,154,pat_rafferty
1989,1320,0,154,eldon_miller
1989,1321,0,154,bill_e_foster
1989,1322,0,154,dan_bell
1989,1323,0,154,digger_phelps
1989,1325,0,154,billy_hahn
1989,1326,0,154,gary_williams
1989,1328,0,154,billy_tubbs
1989,1329,0,154,leonard_hamilton
1989,1330,0,154,tom_young
1989,1331,0,154,ken_trickey
1989,1332,0,154,don_monson
1989,1333,0,154,ralph_miller
1989,1334,0,154,bob_thomason
1989,1335,0,154,tom_schneider
1989,1336,0,154,bruce_parkhill
1989,1337,0,154,tom_asbury
1989,1338,0,154,paul_evans
1989,1339,0,154,larry_steele
1989,1341,0,154,jim_duplantier
1989,1343,0,154,pete_carril
1989,1344,0,154,rick_barnes
1989,1345,0,154,gene_keady
1989,1347,0,154,oliver_purnell
1989,1348,0,154,al_skinner
1989,1349,0,154,scott_thompson
1989,1350,0,154,dick_tarrant
1989,1351,0,154,john_carpenter
1989,1352,0,154,jarrett_durham
1989,1353,0,154,bob_wenzel
1989,1354,0,154,cy_alexander
1989,1356,0,154,rich_herrin
1989,1358,0,67,gary_moss
1989,1358,68,154,jeff_dittman
1989,1359,0,154,ed_mclean
1989,1360,0,154,hank_egan
1989,1361,0,154,jim_brandenburg
1989,1362,0,154,jim_brovelli
1989,1363,0,154,bill_berry
1989,1364,0,154,jerry_pimm
1989,1365,0,154,carroll_williams
1989,1368,0,154,leo_mcclure
1989,1371,0,154,p_j_carlesimo
1989,1372,0,154,mike_martin_sfa
1989,1373,0,154,mike_deane
1989,1374,0,154,john_shumate
1989,1375,0,154,ronnie_arrow
1989,1376,0,154,george_felton
1989,1378,0,154,bobby_paschal
1989,1379,0,154,m_k_turk
1989,1380,0,154,ben_jobe
1989,1381,0,154,neil_roberts
1989,1382,0,154,ron_decarli
1989,1383,0,154,rich_zvosec
1989,1384,0,154,jim_baron
1989,1385,0,154,lou_carnesecca
1989,1386,0,154,jim_boyle
1989,1387,0,154,rich_grawer
1989,1388,0,154,lynn_nance
1989,1389,0,154,ted_fiore
1989,1390,0,154,mike_montgomery
1989,1391,0,154,glenn_wilkes
1989,1393,0,154,jim_boeheim
1989,1395,0,154,moe_iba
1989,1396,0,154,john_chaney
1989,1397,0,154,don_devoe
1989,1398,0,154,larry_reid
1989,1399,0,38,tom_deaton
1989,1399,39,154,frank_harrell
1989,1400,0,154,thomas_penders
1989,1401,0,154,shelby_metcalf
1989,1402,0,154,harry_larrabee
1989,1403,0,154,gerald_myers
1989,1405,0,154,jay_eck
1989,1406,0,154,terry_truax
1989,1409,0,154,j_d_barnett
1989,1410,0,154,kevin_wall
1989,1411,0,154,robert_moreland
1989,1412,0,154,gene_bartow
1989,1414,0,154,bill_mulligan
1989,1416,0,154,phil_carter
1989,1417,0,154,jim_harrick
1989,1418,0,154,marty_fletcher
1989,1419,0,154,mike_vining
1989,1420,0,154,earl_hawkins
1989,1421,0,154,don_doucette
1989,1423,0,154,robert_mcpherson
1989,1424,0,154,jerry_tarkanian
1989,1425,0,154,george_raveling
1989,1426,0,154,mark_nixon
1989,1427,0,154,ken_burmeister
1989,1428,0,154,lynn_archibald
1989,1429,0,154,kohn_smith
1989,1431,0,154,don_haskins
1989,1433,0,154,mike_pollio
1989,1434,0,154,homer_drew
1989,1435,0,154,c_m_newton
1989,1436,0,154,tom_brennan
1989,1437,0,154,rollie_massimino
1989,1438,0,154,terry_holland
1989,1439,0,154,frankie_allen
1989,1440,0,154,joey_cantafio
1989,1441,0,154,dave_possinger
1989,1442,0,154,jack_margenthaler
1989,1443,0,154,murray_arnold
1989,1444,0,154,vern_payne
1989,1447,0,154,neil_kennett
1989,1448,0,154,bob_staak
1989,1449,0,154,andy_russo
1989,1450,0,154,kelvin_sampson
1989,1451,0,154,denny_huston
1989,1452,0,154,gale_catlett
1989,1453,0,154,dick_bennett
1989,1455,0,154,eddie_fogler
1989,1456,0,154,chuck_swenson
1989,1457,0,154,steve_vacendak
1989,1458,0,154,steve_yoder
1989,1460,0,154,ralph_underhill
1989,1461,0,154,benny_dees
1989,1462,0,154,pete_gillen
1989,1463,0,154,dick_kuchen
1989,1464,0,154,jim_cleamons
1990,1102,0,154,reggie_minton
1990,1103,0,154,coleman_crawford
1990,1104,0,154,wimp_sanderson
1990,1106,0,154,james_oliver
1990,1108,0,154,lonnie_walker
1990,1109,0,154,gary_zarecky
1990,1110,0,154,ed_tapscott
1990,1111,0,154,tom_apke
1990,1112,0,154,lute_olson
1990,1113,0,154,bill_frieder
1990,1114,0,154,mike_newell
1990,1116,0,154,nolan_richardson_jr
1990,1117,0,154,nelson_catalina
1990,1119,0,154,les_wothke
1990,1120,0,154,tommy_joe_eagles
1990,1121,0,154,clint_bryant
1990,1122,0,154,lake_kelly
1990,1123,0,154,dick_hunsaker
1990,1124,0,154,gene_iba
1990,1126,0,154,cy_mcclairen
1990,1129,0,154,bobby_dye
1990,1130,0,154,jim_j_o'brien
1990,1131,0,154,mike_jarvis
1990,1132,0,154,jim_larranaga
1990,1133,0,154,stan_albeck
1990,1134,0,154,mark_reiner
1990,1135,0,154,mike_cingiser
1990,1137,0,154,charles_woollum
1990,1139,0,154,barry_collier
1990,1140,0,154,roger_reid
1990,1141,0,154,charlie_coles
1990,1143,0,154,lou_campanelli
1990,1144,0,154,billy_lee
1990,1145,0,154,marty_marbach
1990,1147,0,154,tommy_vardeman
1990,1148,0,154,mike_brown
1990,1149,0,154,gary_edwards
1990,1150,0,154,jeff_mullins
1990,1151,0,154,mack_mccarthy
1990,1152,0,154,tommy_suitts
1990,1153,0,154,bob_huggins
1990,1154,0,154,randy_nesbit
1990,1155,0,154,cliff_ellis
1990,1156,0,154,kevin_mackey
1990,1157,0,154,russ_bergman
1990,1159,0,154,jack_bruen
1990,1160,0,154,tom_miller
1990,1161,0,154,tiny_grant
1990,1162,0,154,wally_halas
1990,1163,0,154,jim_calhoun
1990,1164,0,154,fang_mitchell
1990,1165,0,154,mike_dement
1990,1166,0,154,tony_barone
1990,1168,0,154,john_sneed
1990,1171,0,154,paul_cormier
1990,1172,0,154,bob_mckillop
1990,1173,0,154,jim_f_o'brien
1990,1174,0,154,steve_steinwedel
1990,1175,0,154,jeff_jones
1990,1177,0,154,joey_meyer
1990,1178,0,154,ricky_byrdsong
1990,1179,0,99,tom_abatemarco
1990,1179,100,154,eddie_fields
1990,1180,0,154,eddie_burke
1990,1181,0,154,mike_krzyzewski
1990,1182,0,154,john_carroll
1990,1183,0,154,rick_samuels
1990,1184,0,154,mike_pollio
1990,1185,0,154,ben_braun
1990,1186,0,154,bob_hofman
1990,1187,0,154,mike_steele
1990,1190,0,154,les_robinson
1990,1191,0,154,jim_crews
1990,1192,0,154,tom_green
1990,1193,0,154,mitch_buonaguro
1990,1196,0,154,don_devoe
1990,1197,0,154,willie_booker
1990,1198,0,154,rich_walker
1990,1199,0,154,pat_kennedy
1990,1200,0,154,nick_macarchuk
1990,1201,0,154,ron_adams
1990,1202,0,154,butch_estes
1990,1203,0,154,john_kuester
1990,1204,0,154,frank_kerns
1990,1206,0,154,ernie_nestor
1990,1207,0,154,john_thompson_jr
1990,1208,0,154,hugh_durham
1990,1209,0,154,bob_reinhart
1990,1210,0,154,bobby_cremins
1990,1211,0,154,dan_fitzgerald
1990,1212,0,154,aaron_james
1990,1215,0,154,dennis_harp
1990,1216,0,154,jack_phelan
1990,1217,0,154,peter_roby
1990,1218,0,154,riley_wallace
1990,1220,0,154,butch_van_breda_kolff
1990,1221,0,154,george_blaney
1990,1222,0,154,pat_foster
1990,1224,0,154,a_b_williamson
1990,1225,0,154,kermit_davis
1990,1226,0,154,jim_boutin
1990,1227,0,154,bob_hallberg
1990,1228,0,154,lou_henson
1990,1229,0,154,bob_bender
1990,1231,0,154,bob_knight
1990,1232,0,154,tates_locke
1990,1233,0,154,gary_brokaw
1990,1234,0,154,tom_davis
1990,1235,0,154,johnny_orr
1990,1238,0,154,andy_stoglin
1990,1239,0,154,rich_haddad
1990,1241,0,154,lefty_driesell
1990,1242,0,154,roy_williams
1990,1243,0,154,lon_kruger
1990,1245,0,154,jim_mcdonald
1990,1246,0,154,rick_pitino
1990,1247,0,154,speedy_morris
1990,1248,0,154,john_leone
1990,1249,0,154,tony_branch
1990,1250,0,154,dave_duke
1990,1251,0,154,jeff_meyer
1990,1253,0,154,joe_harrington
1990,1254,0,154,paul_lizzo
1990,1256,0,154,jerry_loyd
1990,1257,0,154,denny_crum
1990,1258,0,154,paul_westhead
1990,1259,0,154,tom_schneider
1990,1260,0,154,will_rey
1990,1261,0,154,dale_brown
1990,1263,0,154,rudy_keeling
1990,1264,0,154,steve_lappas
1990,1265,0,154,dave_magarity
1990,1266,0,154,kevin_o'neill
1990,1267,0,154,dana_altman
1990,1268,0,154,gary_williams
1990,1269,0,154,john_calipari
1990,1270,0,154,steve_welch
1990,1271,0,154,steve_williams
1990,1272,0,154,larry_finch
1990,1273,0,154,brad_siegfried
1990,1274,0,154,bill_c_foster
1990,1275,0,154,jerry_peirson
1990,1276,0,154,steve_fisher
1990,1277,0,154,jud_heathcote
1990,1278,0,154,clem_haskins
1990,1279,0,154,ed_murphy
1990,1280,0,154,richard_williams
1990,1281,0,154,norm_stewart
1990,1282,0,154,lee_hunt
1990,1283,0,154,charles_spoonhour
1990,1284,0,154,wayne_szoke
1990,1285,0,154,stew_morrill
1990,1286,0,154,stu_starner
1990,1287,0,154,tommy_gaither
1990,1288,0,154,nathaniel_taylor
1990,1290,0,154,lafayette_stribling
1990,1291,0,154,jim_phelan
1990,1292,0,154,bruce_stewart
1990,1293,0,154,steve_newton
1990,1296,0,154,jim_molinari
1990,1298,0,154,pete_herrmann
1990,1299,0,154,don_corbett
1990,1301,0,154,jim_valvano
1990,1304,0,154,danny_nee
1990,1305,0,154,len_stevens
1990,1306,0,154,jim_boylan
1990,1307,0,154,dave_bliss
1990,1308,0,154,neil_mccarthy
1990,1309,0,154,tim_floyd
1990,1310,0,154,jack_armstrong
1990,1311,0,154,gordon_stauffer
1990,1314,0,154,dean_smith
1990,1317,0,154,jimmy_gales
1990,1318,0,154,karl_fogel
1990,1319,0,154,pat_rafferty
1990,1320,0,154,eldon_miller
1990,1321,0,154,bill_e_foster
1990,1322,0,154,dan_bell
1990,1323,0,154,digger_phelps
1990,1325,0,154,larry_hunter
1990,1326,0,154,randy_ayers
1990,1328,0,154,billy_tubbs
1990,1329,0,154,leonard_hamilton
1990,1330,0,154,tom_young
1990,1332,0,154,don_monson
1990,1333,0,154,jim_anderson
1990,1334,0,154,bob_thomason
1990,1335,0,154,fran_dunphy
1990,1336,0,154,bruce_parkhill
1990,1337,0,154,tom_asbury
1990,1338,0,154,paul_evans
1990,1339,0,154,larry_steele
1990,1341,0,154,jim_duplantier
1990,1343,0,154,pete_carril
1990,1344,0,154,rick_barnes
1990,1345,0,154,gene_keady
1990,1347,0,154,oliver_purnell
1990,1348,0,154,al_skinner
1990,1349,0,154,scott_thompson
1990,1350,0,154,dick_tarrant
1990,1351,0,154,kevin_bannon
1990,1352,0,154,jarrett_durham
1990,1353,0,154,bob_wenzel
1990,1354,0,154,cy_alexander
1990,1356,0,154,rich_herrin
1990,1358,0,154,larry_brown_hou
1990,1359,0,154,ed_mclean
1990,1360,0,154,hank_egan
1990,1361,0,154,jim_brandenburg
1990,1362,0,154,jim_brovelli
1990,1363,0,154,stan_morrison
1990,1364,0,154,jerry_pimm
1990,1365,0,154,carroll_williams
1990,1371,0,154,p_j_carlesimo
1990,1372,0,154,mike_martin_sfa
1990,1373,0,154,mike_deane
1990,1374,0,154,john_shumate
1990,1375,0,154,ronnie_arrow
1990,1376,0,154,george_felton
1990,1378,0,154,bobby_paschal
1990,1379,0,154,m_k_turk
1990,1380,0,154,ben_jobe
1990,1381,0,154,neil_roberts
1990,1382,0,154,tom_chapman
1990,1383,0,154,rich_zvosec
1990,1384,0,154,jim_baron
1990,1385,0,154,lou_carnesecca
1990,1386,0,154,jim_boyle
1990,1387,0,154,rich_grawer
1990,1388,0,154,paul_landreaux
1990,1389,0,154,ted_fiore
1990,1390,0,154,mike_montgomery
1990,1391,0,154,glenn_wilkes
1990,1393,0,154,jim_boeheim
1990,1395,0,154,moe_iba
1990,1396,0,154,john_chaney
1990,1397,0,154,wade_houston
1990,1398,0,154,ron_abernathy
1990,1399,0,154,frank_harrell
1990,1400,0,154,thomas_penders
1990,1401,0,154,shelby_metcalf
1990,1402,0,154,harry_larrabee
1990,1403,0,154,gerald_myers
1990,1405,0,154,jay_eck
1990,1406,0,154,terry_truax
1990,1408,0,154,perry_clark
1990,1409,0,154,j_d_barnett
1990,1410,0,154,kevin_wall
1990,1411,0,154,robert_moreland
1990,1412,0,154,gene_bartow
1990,1414,0,154,bill_mulligan
1990,1416,0,154,joe_dean
1990,1417,0,154,jim_harrick
1990,1418,0,154,marty_fletcher
1990,1419,0,154,mike_vining
1990,1420,0,154,earl_hawkins
1990,1421,0,154,don_doucette
1990,1423,0,154,robert_mcpherson
1990,1424,0,154,jerry_tarkanian
1990,1425,0,154,george_raveling
1990,1426,0,154,mark_nixon
1990,1427,0,154,ken_burmeister
1990,1428,0,41,rick_majerus
1990,1428,42,154,joe_cravens
1990,1429,0,154,kohn_smith
1990,1431,0,154,don_haskins
1990,1433,0,154,sonny_smith
1990,1434,0,154,homer_drew
1990,1435,0,154,eddie_fogler
1990,1436,0,154,tom_brennan
1990,1437,0,154,rollie_massimino
1990,1438,0,154,terry_holland
1990,1439,0,154,frankie_allen
1990,1440,0,154,joey_cantafio
1990,1441,0,154,greg_blatt
1990,1442,0,154,jack_margenthaler
1990,1443,0,154,murray_arnold
1990,1444,0,154,bob_donewald
1990,1447,0,154,tim_capstraw
1990,1448,0,154,dave_odom
1990,1449,0,154,lynn_nance
1990,1450,0,154,kelvin_sampson
1990,1451,0,154,denny_huston
1990,1452,0,154,gale_catlett
1990,1453,0,154,dick_bennett
1990,1455,0,154,mike_cohen
1990,1456,0,154,chuck_swenson
1990,1457,0,154,steve_vacendak
1990,1458,0,154,steve_yoder
1990,1460,0,154,ralph_underhill
1990,1461,0,154,benny_dees
1990,1462,0,154,pete_gillen
1990,1463,0,154,dick_kuchen
1990,1464,0,154,john_stroia
1991,1102,0,154,reggie_minton
1991,1103,0,154,coleman_crawford
1991,1104,0,154,wimp_sanderson
1991,1106,0,154,james_oliver
1991,1108,0,154,lonnie_walker
1991,1109,0,154,gary_zarecky
1991,1110,0,154,chris_knoche
1991,1111,0,154,tom_apke
1991,1112,0,154,lute_olson
1991,1113,0,154,bill_frieder
1991,1114,0,154,jim_platt
1991,1116,0,154,nolan_richardson_jr
1991,1117,0,154,nelson_catalina
1991,1119,0,154,tom_miller
1991,1120,0,154,tommy_joe_eagles
1991,1121,0,154,clint_bryant
1991,1122,0,154,dave_loos
1991,1123,0,154,dick_hunsaker
1991,1124,0,154,gene_iba
1991,1126,0,154,cy_mcclairen
1991,1129,0,154,bobby_dye
1991,1130,0,154,jim_j_o'brien
1991,1131,0,154,bob_brown
1991,1132,0,154,jim_larranaga
1991,1133,0,154,stan_albeck
1991,1134,0,154,ron_kestenbaum
1991,1135,0,154,mike_cingiser
1991,1137,0,154,charles_woollum
1991,1139,0,154,barry_collier
1991,1140,0,154,roger_reid
1991,1141,0,154,charlie_coles
1991,1143,0,154,lou_campanelli
1991,1144,0,154,billy_lee
1991,1145,0,154,marty_marbach
1991,1147,0,154,tommy_vardeman
1991,1148,0,154,mike_brown
1991,1149,0,154,gary_edwards
1991,1150,0,154,jeff_mullins
1991,1151,0,154,mack_mccarthy
1991,1152,0,154,rick_pryor
1991,1153,0,154,bob_huggins
1991,1154,0,154,randy_nesbit
1991,1155,0,154,cliff_ellis
1991,1156,0,154,mike_boyd
1991,1157,0,154,russ_bergman
1991,1159,0,154,jack_bruen
1991,1160,0,154,joe_harrington
1991,1161,0,154,tiny_grant
1991,1162,0,154,jack_rohan
1991,1163,0,154,jim_calhoun
1991,1164,0,154,fang_mitchell
1991,1165,0,154,mike_dement
1991,1166,0,154,tony_barone
1991,1168,0,154,john_sneed
1991,1169,0,154,pete_cassidy
1991,1171,0,154,paul_cormier
1991,1172,0,154,bob_mckillop
1991,1173,0,154,jim_f_o'brien
1991,1174,0,154,steve_steinwedel
1991,1175,0,154,jeff_jones
1991,1177,0,154,joey_meyer
1991,1178,0,154,ricky_byrdsong
1991,1179,0,154,rudy_washington
1991,1180,0,154,eddie_burke
1991,1181,0,154,mike_krzyzewski
1991,1182,0,154,john_carroll
1991,1183,0,154,rick_samuels
1991,1184,0,154,mike_pollio
1991,1185,0,154,ben_braun
1991,1186,0,154,john_wade
1991,1187,0,154,mike_steele
1991,1190,0,154,alan_leforce
1991,1191,0,154,jim_crews
1991,1192,0,154,tom_green
1991,1193,0,154,mitch_buonaguro
1991,1196,0,154,lon_kruger
1991,1197,0,154,willie_booker
1991,1198,0,154,bob_weltlich
1991,1199,0,154,pat_kennedy
1991,1200,0,154,nick_macarchuk
1991,1201,0,154,gary_colson
1991,1202,0,154,butch_estes
1991,1203,0,154,mike_jarvis
1991,1204,0,154,frank_kerns
1991,1206,0,154,ernie_nestor
1991,1207,0,154,john_thompson_jr
1991,1208,0,154,hugh_durham
1991,1209,0,154,bob_reinhart
1991,1210,0,154,bobby_cremins
1991,1211,0,154,dan_fitzgerald
1991,1212,0,154,aaron_james
1991,1216,0,154,jack_phelan
1991,1217,0,154,peter_roby
1991,1218,0,154,riley_wallace
1991,1220,0,154,butch_van_breda_kolff
1991,1221,0,154,george_blaney
1991,1222,0,154,pat_foster
1991,1224,0,154,butch_beard
1991,1225,0,154,larry_eustachy
1991,1226,0,154,herb_williams
1991,1227,0,154,bob_hallberg
1991,1228,0,154,lou_henson
1991,1229,0,154,bob_bender
1991,1231,0,154,bob_knight
1991,1232,0,154,tates_locke
1991,1233,0,154,gary_brokaw
1991,1234,0,154,tom_davis
1991,1235,0,154,johnny_orr
1991,1238,0,154,andy_stoglin
1991,1239,0,154,rich_haddad
1991,1241,0,154,lefty_driesell
1991,1242,0,154,roy_williams
1991,1243,0,154,dana_altman
1991,1245,0,154,jim_mcdonald
1991,1246,0,154,rick_pitino
1991,1247,0,154,speedy_morris
1991,1248,0,154,john_leone
1991,1249,0,154,mike_newell
1991,1250,0,154,dave_duke
1991,1251,0,154,jeff_meyer
1991,1253,0,154,seth_greenberg
1991,1254,0,154,paul_lizzo
1991,1256,0,154,jerry_loyd
1991,1257,0,154,denny_crum
1991,1258,0,154,jay_hillock
1991,1259,0,154,tom_schneider
1991,1260,0,154,will_rey
1991,1261,0,154,dale_brown
1991,1263,0,154,rudy_keeling
1991,1264,0,154,steve_lappas
1991,1265,0,154,dave_magarity
1991,1266,0,154,kevin_o'neill
1991,1267,0,154,dwight_freeman
1991,1268,0,154,gary_williams
1991,1269,0,154,john_calipari
1991,1270,0,154,steve_welch
1991,1271,0,154,robert_hopkins
1991,1272,0,154,larry_finch
1991,1273,0,154,brad_siegfried
1991,1274,0,154,leonard_hamilton
1991,1275,0,154,joby_wright
1991,1276,0,154,steve_fisher
1991,1277,0,154,jud_heathcote
1991,1278,0,154,clem_haskins
1991,1279,0,154,ed_murphy
1991,1280,0,154,richard_williams
1991,1281,0,154,norm_stewart
1991,1282,0,154,lee_hunt
1991,1283,0,154,charles_spoonhour
1991,1284,0,154,wayne_szoke
1991,1285,0,154,stew_morrill
1991,1286,0,154,mick_durham
1991,1287,0,154,tommy_gaither
1991,1288,0,154,michael_holmes
1991,1290,0,154,lafayette_stribling
1991,1291,0,154,jim_phelan
1991,1292,0,154,bruce_stewart
1991,1293,0,154,steve_newton
1991,1296,0,154,jim_molinari
1991,1298,0,154,pete_herrmann
1991,1299,0,154,don_corbett
1991,1301,0,154,les_robinson
1991,1302,0,154,rees_johnson
1991,1304,0,154,danny_nee
1991,1305,0,154,len_stevens
1991,1306,0,154,jim_boylan
1991,1307,0,154,dave_bliss
1991,1308,0,154,neil_mccarthy
1991,1309,0,154,tim_floyd
1991,1310,0,154,jack_armstrong
1991,1311,0,154,rickey_broussard
1991,1314,0,154,dean_smith
1991,1317,0,154,jimmy_gales
1991,1318,0,154,karl_fogel
1991,1319,0,154,harold_merritt
1991,1320,0,154,eldon_miller
1991,1321,0,154,bill_e_foster
1991,1322,0,154,dan_bell
1991,1323,0,154,digger_phelps
1991,1325,0,154,larry_hunter
1991,1326,0,154,randy_ayers
1991,1328,0,154,billy_tubbs
1991,1329,0,154,eddie_sutton
1991,1330,0,154,tom_young
1991,1332,0,154,don_monson
1991,1333,0,154,jim_anderson
1991,1334,0,154,bob_thomason
1991,1335,0,154,fran_dunphy
1991,1336,0,154,bruce_parkhill
1991,1337,0,154,tom_asbury
1991,1338,0,154,paul_evans
1991,1339,0,154,larry_steele
1991,1341,0,154,elwood_plummer
1991,1343,0,154,pete_carril
1991,1344,0,154,rick_barnes
1991,1345,0,154,gene_keady
1991,1347,0,154,oliver_purnell
1991,1348,0,154,al_skinner
1991,1349,0,154,scott_thompson
1991,1350,0,154,dick_tarrant
1991,1351,0,154,kevin_bannon
1991,1352,0,154,jarrett_durham
1991,1353,0,154,bob_wenzel
1991,1354,0,154,cy_alexander
1991,1356,0,154,rich_herrin
1991,1358,0,154,larry_brown_hou
1991,1359,0,154,ed_mclean
1991,1360,0,154,hank_egan
1991,1361,0,154,jim_brandenburg
1991,1362,0,154,jim_brovelli
1991,1363,0,154,stan_morrison
1991,1364,0,154,jerry_pimm
1991,1365,0,154,carroll_williams
1991,1368,0,154,don_wilson
1991,1371,0,154,p_j_carlesimo
1991,1372,0,154,ned_fowler
1991,1373,0,154,mike_deane
1991,1374,0,154,john_shumate
1991,1375,0,154,ronnie_arrow
1991,1376,0,154,george_felton
1991,1378,0,154,bobby_paschal
1991,1379,0,154,m_k_turk
1991,1380,0,154,ben_jobe
1991,1381,0,154,neil_roberts
1991,1382,0,154,tom_chapman
1991,1383,0,154,rich_zvosec
1991,1384,0,154,jim_baron
1991,1385,0,154,lou_carnesecca
1991,1386,0,154,john_griffin
1991,1387,0,154,rich_grawer
1991,1388,0,66,paul_landreaux
1991,1388,67,154,dave_fehte
1991,1389,0,154,ted_fiore
1991,1390,0,154,mike_montgomery
1991,1391,0,154,glenn_wilkes
1991,1393,0,154,jim_boeheim
1991,1395,0,154,moe_iba
1991,1396,0,154,john_chaney
1991,1397,0,154,wade_houston
1991,1398,0,154,ron_abernathy
1991,1399,0,154,frank_harrell
1991,1400,0,154,thomas_penders
1991,1401,0,154,kermit_davis
1991,1402,0,101,harry_larrabee
1991,1402,102,154,jim_rosebrock
1991,1403,0,154,gerald_myers
1991,1405,0,154,jay_eck
1991,1406,0,154,terry_truax
1991,1408,0,154,perry_clark
1991,1409,0,154,j_d_barnett
1991,1410,0,154,kevin_wall
1991,1411,0,154,robert_moreland
1991,1412,0,154,gene_bartow
1991,1414,0,154,bill_mulligan
1991,1416,0,154,joe_dean
1991,1417,0,154,jim_harrick
1991,1418,0,154,marty_fletcher
1991,1419,0,154,mike_vining
1991,1420,0,154,earl_hawkins
1991,1421,0,154,don_doucette
1991,1423,0,154,kevin_eastman
1991,1424,0,154,jerry_tarkanian
1991,1425,0,154,george_raveling
1991,1426,0,154,mark_nixon
1991,1427,0,154,stu_starner
1991,1428,0,154,rick_majerus
1991,1429,0,154,kohn_smith
1991,1431,0,154,don_haskins
1991,1433,0,154,sonny_smith
1991,1434,0,154,homer_drew
1991,1435,0,154,eddie_fogler
1991,1436,0,154,tom_brennan
1991,1437,0,154,rollie_massimino
1991,1438,0,154,jeff_a_jones
1991,1439,0,154,frankie_allen
1991,1440,0,154,joey_cantafio
1991,1441,0,154,greg_blatt
1991,1442,0,154,jack_margenthaler
1991,1443,0,154,ralph_willard
1991,1444,0,154,bob_donewald
1991,1447,0,154,tim_capstraw
1991,1448,0,154,dave_odom
1991,1449,0,154,lynn_nance
1991,1450,0,154,kelvin_sampson
1991,1451,0,154,denny_huston
1991,1452,0,154,gale_catlett
1991,1453,0,154,dick_bennett
1991,1454,0,154,steve_antrim
1991,1455,0,154,mike_cohen
1991,1456,0,154,chuck_swenson
1991,1457,0,154,steve_vacendak
1991,1458,0,154,steve_yoder
1991,1460,0,154,ralph_underhill
1991,1461,0,154,benny_dees
1991,1462,0,154,pete_gillen
1991,1463,0,154,dick_kuchen
1991,1464,0,154,john_stroia
1992,1102,0,154,reggie_minton
1992,1103,0,154,coleman_crawford
1992,1104,0,154,wimp_sanderson
1992,1106,0,154,james_oliver
1992,1108,0,154,lonnie_walker
1992,1110,0,154,chris_knoche
1992,1111,0,154,tom_apke
1992,1112,0,154,lute_olson
1992,1113,0,154,bill_frieder
1992,1114,0,154,jim_platt
1992,1116,0,154,nolan_richardson_jr
1992,1117,0,154,nelson_catalina
1992,1119,0,154,tom_miller
1992,1120,0,154,tommy_joe_eagles
1992,1122,0,154,dave_loos
1992,1123,0,154,dick_hunsaker
1992,1124,0,154,gene_iba
1992,1126,0,154,cy_mcclairen
1992,1129,0,154,bobby_dye
1992,1130,0,154,jim_j_o'brien
1992,1131,0,154,bob_brown
1992,1132,0,154,jim_larranaga
1992,1133,0,154,jim_molinari
1992,1134,0,154,ron_kestenbaum
1992,1135,0,154,frank_dobbs
1992,1137,0,154,charles_woollum
1992,1138,0,154,dan_bazzani
1992,1139,0,154,barry_collier
1992,1140,0,154,roger_reid
1992,1141,0,154,keith_dambrot
1992,1143,0,154,lou_campanelli
1992,1144,0,154,billy_lee
1992,1145,0,154,marty_marbach
1992,1147,0,154,tommy_vardeman
1992,1148,0,154,mark_adams_cn
1992,1149,0,154,gary_edwards
1992,1150,0,154,jeff_mullins
1992,1151,0,154,mack_mccarthy
1992,1152,0,154,rick_pryor
1992,1153,0,154,bob_huggins
1992,1154,0,154,randy_nesbit
1992,1155,0,154,cliff_ellis
1992,1156,0,154,mike_boyd
1992,1157,0,154,russ_bergman
1992,1158,0,154,john_kresse
1992,1159,0,154,jack_bruen
1992,1160,0,154,joe_harrington
1992,1161,0,154,stew_morrill
1992,1162,0,154,jack_rohan
1992,1163,0,154,jim_calhoun
1992,1164,0,154,fang_mitchell
1992,1165,0,154,jan_van_breda_kolff
1992,1166,0,154,rich_johnson
1992,1168,0,154,john_sneed
1992,1169,0,154,pete_cassidy
1992,1170,0,154,joe_anders
1992,1171,0,154,dave_faucher
1992,1172,0,154,bob_mckillop
1992,1173,0,154,jim_f_o'brien
1992,1174,0,154,steve_steinwedel
1992,1175,0,154,jeff_jones
1992,1177,0,154,joey_meyer
1992,1178,0,154,ricky_byrdsong
1992,1179,0,154,rudy_washington
1992,1180,0,154,bill_herrion
1992,1181,0,154,mike_krzyzewski
1992,1182,0,154,john_carroll
1992,1183,0,154,rick_samuels
1992,1184,0,154,mike_pollio
1992,1185,0,154,ben_braun
1992,1186,0,154,john_wade
1992,1187,0,154,eddie_payne
1992,1190,0,154,alan_leforce
1992,1191,0,154,jim_crews
1992,1192,0,154,tom_green
1992,1193,0,154,paul_cormier
1992,1196,0,154,lon_kruger
1992,1197,0,154,willie_booker
1992,1198,0,154,bob_weltlich
1992,1199,0,154,pat_kennedy
1992,1200,0,154,nick_macarchuk
1992,1201,0,154,gary_colson
1992,1202,0,154,butch_estes
1992,1203,0,154,mike_jarvis
1992,1204,0,154,frank_kerns
1992,1206,0,154,ernie_nestor
1992,1207,0,154,john_thompson_jr
1992,1208,0,154,hugh_durham
1992,1209,0,154,bob_reinhart
1992,1210,0,154,bobby_cremins
1992,1211,0,154,dan_fitzgerald
1992,1212,0,154,aaron_james
1992,1216,0,154,jack_phelan
1992,1217,0,154,frank_sullivan
1992,1218,0,154,riley_wallace
1992,1220,0,154,butch_van_breda_kolff
1992,1221,0,154,george_blaney
1992,1222,0,154,pat_foster
1992,1224,0,154,butch_beard
1992,1225,0,154,larry_eustachy
1992,1226,0,154,herb_williams
1992,1227,0,154,bob_hallberg
1992,1228,0,154,lou_henson
1992,1229,0,154,bob_bender
1992,1231,0,154,bob_knight
1992,1232,0,154,tates_locke
1992,1233,0,154,jerry_welsh
1992,1234,0,154,tom_davis
1992,1235,0,154,johnny_orr
1992,1238,0,154,andy_stoglin
1992,1239,0,154,matt_kilcullen
1992,1241,0,154,lefty_driesell
1992,1242,0,154,roy_williams
1992,1243,0,154,dana_altman
1992,1245,0,154,jim_mcdonald
1992,1246,0,154,rick_pitino
1992,1247,0,154,speedy_morris
1992,1248,0,154,john_leone
1992,1249,0,154,mike_newell
1992,1250,0,154,dave_duke
1992,1251,0,154,jeff_meyer
1992,1253,0,154,seth_greenberg
1992,1254,0,154,paul_lizzo
1992,1256,0,154,jerry_loyd
1992,1257,0,154,denny_crum
1992,1258,0,154,jay_hillock
1992,1259,0,154,tom_schneider
1992,1260,0,154,will_rey
1992,1261,0,154,dale_brown
1992,1263,0,154,rudy_keeling
1992,1264,0,154,steve_lappas
1992,1265,0,154,dave_magarity
1992,1266,0,154,kevin_o'neill
1992,1267,0,154,dwight_freeman
1992,1268,0,154,gary_williams
1992,1269,0,154,john_calipari
1992,1270,0,154,steve_welch
1992,1271,0,154,robert_hopkins
1992,1272,0,154,larry_finch
1992,1273,0,154,bill_hodges
1992,1274,0,154,leonard_hamilton
1992,1275,0,154,joby_wright
1992,1276,0,154,steve_fisher
1992,1277,0,154,jud_heathcote
1992,1278,0,154,clem_haskins
1992,1279,0,154,ed_murphy
1992,1280,0,154,richard_williams
1992,1281,0,154,norm_stewart
1992,1282,0,154,lee_hunt
1992,1283,0,154,charles_spoonhour
1992,1284,0,154,wayne_szoke
1992,1285,0,154,blaine_taylor
1992,1286,0,154,mick_durham
1992,1287,0,154,dick_fick
1992,1288,0,154,michael_holmes
1992,1290,0,154,lafayette_stribling
1992,1291,0,154,jim_phelan
1992,1292,0,154,david_farrar
1992,1293,0,154,scott_edgar
1992,1296,0,154,brian_hammel
1992,1298,0,154,pete_herrmann
1992,1299,0,154,don_corbett
1992,1301,0,154,les_robinson
1992,1302,0,154,rees_johnson
1992,1304,0,154,danny_nee
1992,1305,0,154,len_stevens
1992,1306,0,154,jim_boylan
1992,1307,0,154,dave_bliss
1992,1308,0,154,neil_mccarthy
1992,1309,0,154,tim_floyd
1992,1310,0,154,jack_armstrong
1992,1311,0,154,rickey_broussard
1992,1314,0,154,dean_smith
1992,1317,0,154,jimmy_gales
1992,1318,0,154,karl_fogel
1992,1319,0,154,harold_merritt
1992,1320,0,154,eldon_miller
1992,1321,0,154,bill_e_foster
1992,1322,0,154,dan_bell
1992,1323,0,154,john_macleod
1992,1325,0,154,larry_hunter
1992,1326,0,154,randy_ayers
1992,1328,0,154,billy_tubbs
1992,1329,0,154,eddie_sutton
1992,1330,0,154,oliver_purnell
1992,1332,0,154,don_monson
1992,1333,0,154,jim_anderson
1992,1334,0,154,bob_thomason
1992,1335,0,154,fran_dunphy
1992,1336,0,154,bruce_parkhill
1992,1337,0,154,tom_asbury
1992,1338,0,154,paul_evans
1992,1339,0,154,larry_steele
1992,1341,0,154,elwood_plummer
1992,1343,0,154,pete_carril
1992,1344,0,154,rick_barnes
1992,1345,0,154,gene_keady
1992,1347,0,154,ron_bradley
1992,1348,0,154,al_skinner
1992,1349,0,154,scott_thompson
1992,1350,0,154,dick_tarrant
1992,1351,0,154,kevin_bannon
1992,1352,0,154,jarrett_durham
1992,1353,0,154,bob_wenzel
1992,1354,0,154,cy_alexander
1992,1356,0,154,rich_herrin
1992,1358,0,154,jerry_hopkins
1992,1359,0,154,john_brady
1992,1360,0,154,hank_egan
1992,1361,0,98,jim_brandenburg
1992,1361,99,154,jim_harrick_jr
1992,1362,0,154,jim_brovelli
1992,1363,0,154,stan_morrison
1992,1364,0,154,jerry_pimm
1992,1365,0,154,carroll_williams
1992,1368,0,154,don_wilson
1992,1369,0,154,ron_shumate
1992,1371,0,154,p_j_carlesimo
1992,1372,0,154,ned_fowler
1992,1373,0,154,mike_deane
1992,1374,0,154,john_shumate
1992,1375,0,154,ronnie_arrow
1992,1376,0,154,steve_newton
1992,1378,0,154,bobby_paschal
1992,1379,0,154,m_k_turk
1992,1380,0,154,ben_jobe
1992,1381,0,95,neil_roberts
1992,1381,96,154,bill_evans
1992,1382,0,154,tom_chapman
1992,1383,0,154,ron_ganulin
1992,1384,0,154,jim_baron
1992,1385,0,154,lou_carnesecca
1992,1386,0,154,john_griffin
1992,1387,0,154,rich_grawer
1992,1388,0,154,ernie_kent
1992,1389,0,154,ted_fiore
1992,1390,0,154,mike_montgomery
1992,1391,0,154,glenn_wilkes
1992,1393,0,154,jim_boeheim
1992,1395,0,154,moe_iba
1992,1396,0,154,john_chaney
1992,1397,0,154,wade_houston
1992,1398,0,154,frankie_allen
1992,1399,0,154,frank_harrell
1992,1400,0,154,thomas_penders
1992,1401,0,154,tony_barone
1992,1402,0,154,jim_wooldridge
1992,1403,0,154,james_dickey
1992,1405,0,154,larry_gipson
1992,1406,0,154,terry_truax
1992,1408,0,154,perry_clark
1992,1409,0,154,tubby_smith
1992,1410,0,154,kevin_wall
1992,1411,0,154,robert_moreland
1992,1412,0,154,gene_bartow
1992,1414,0,154,rod_baker
1992,1416,0,154,joe_dean
1992,1417,0,154,jim_harrick
1992,1418,0,154,marty_fletcher
1992,1419,0,154,mike_vining
1992,1420,0,154,earl_hawkins
1992,1421,0,154,don_doucette
1992,1422,0,154,mike_dement
1992,1423,0,154,kevin_eastman
1992,1424,0,154,jerry_tarkanian
1992,1425,0,154,george_raveling
1992,1426,0,154,mark_nixon
1992,1427,0,154,stu_starner
1992,1428,0,154,rick_majerus
1992,1429,0,154,kohn_smith
1992,1431,0,154,don_haskins
1992,1433,0,154,sonny_smith
1992,1434,0,154,homer_drew
1992,1435,0,154,eddie_fogler
1992,1436,0,154,tom_brennan
1992,1437,0,154,rollie_massimino
1992,1438,0,154,jeff_a_jones
1992,1439,0,154,bill_c_foster
1992,1440,0,154,joey_cantafio
1992,1441,0,154,greg_blatt
1992,1442,0,154,jack_margenthaler
1992,1443,0,154,ralph_willard
1992,1444,0,154,bob_donewald
1992,1447,0,154,tim_capstraw
1992,1448,0,154,dave_odom
1992,1449,0,154,lynn_nance
1992,1450,0,154,kelvin_sampson
1992,1451,0,154,ron_abegglen
1992,1452,0,154,gale_catlett
1992,1453,0,154,dick_bennett
1992,1454,0,154,steve_antrim
1992,1455,0,154,mike_cohen
1992,1456,0,154,chuck_swenson
1992,1457,0,154,steve_vacendak
1992,1458,0,154,steve_yoder
1992,1460,0,154,ralph_underhill
1992,1461,0,154,benny_dees
1992,1462,0,154,pete_gillen
1992,1463,0,154,dick_kuchen
1992,1464,0,154,john_stroia
1993,1102,0,154,reggie_minton
1993,1103,0,154,coleman_crawford
1993,1104,0,154,david_hobbs
1993,1106,0,154,james_oliver
1993,1108,0,154,lonnie_walker
1993,1110,0,154,chris_knoche
1993,1111,0,154,tom_apke
1993,1112,0,154,lute_olson
1993,1113,0,154,bill_frieder
1993,1114,0,154,jim_platt
1993,1116,0,154,nolan_richardson_jr
1993,1117,0,154,nelson_catalina
1993,1119,0,94,tom_miller
1993,1119,95,154,mike_conners
1993,1120,0,154,tommy_joe_eagles
1993,1122,0,154,dave_loos
1993,1123,0,154,dick_hunsaker
1993,1124,0,154,darrell_johnson
1993,1126,0,154,cy_mcclairen
1993,1129,0,154,bobby_dye
1993,1130,0,154,jim_j_o'brien
1993,1131,0,154,bob_brown
1993,1132,0,154,jim_larranaga
1993,1133,0,154,jim_molinari
1993,1135,0,154,frank_dobbs
1993,1137,0,154,charles_woollum
1993,1138,0,154,dan_bazzani
1993,1139,0,154,barry_collier
1993,1140,0,154,roger_reid
1993,1141,0,154,keith_dambrot
1993,1143,0,97,lou_campanelli
1993,1143,98,154,todd_bozeman
1993,1144,0,154,billy_lee
1993,1145,0,154,john_beilein
1993,1147,0,154,tommy_vardeman
1993,1148,0,154,mark_adams_cn
1993,1149,0,154,gary_edwards
1993,1150,0,154,jeff_mullins
1993,1151,0,154,mack_mccarthy
1993,1152,0,154,rick_pryor
1993,1153,0,154,bob_huggins
1993,1154,0,154,pat_dennis
1993,1155,0,154,cliff_ellis
1993,1156,0,154,mike_boyd
1993,1157,0,154,russ_bergman
1993,1158,0,154,john_kresse
1993,1159,0,154,jack_bruen
1993,1160,0,154,joe_harrington
1993,1161,0,154,stew_morrill
1993,1162,0,154,jack_rohan
1993,1163,0,154,jim_calhoun
1993,1164,0,154,fang_mitchell
1993,1165,0,154,jan_van_breda_kolff
1993,1166,0,154,rich_johnson
1993,1168,0,154,brad_holland
1993,1169,0,154,pete_cassidy
1993,1170,0,154,don_newman
1993,1171,0,154,dave_faucher
1993,1172,0,154,bob_mckillop
1993,1173,0,154,jim_f_o'brien
1993,1174,0,154,steve_steinwedel
1993,1175,0,154,jeff_jones
1993,1177,0,154,joey_meyer
1993,1178,0,154,ricky_byrdsong
1993,1179,0,154,rudy_washington
1993,1180,0,154,bill_herrion
1993,1181,0,154,mike_krzyzewski
1993,1182,0,154,john_carroll
1993,1183,0,154,rick_samuels
1993,1184,0,154,mike_calhoun
1993,1185,0,154,ben_braun
1993,1186,0,154,john_wade
1993,1187,0,154,eddie_payne
1993,1190,0,154,alan_leforce
1993,1191,0,154,jim_crews
1993,1192,0,154,tom_green
1993,1193,0,154,paul_cormier
1993,1196,0,154,lon_kruger
1993,1197,0,154,willie_booker
1993,1198,0,154,bob_weltlich
1993,1199,0,154,pat_kennedy
1993,1200,0,154,nick_macarchuk
1993,1201,0,154,gary_colson
1993,1202,0,154,butch_estes
1993,1203,0,154,mike_jarvis
1993,1204,0,154,frank_kerns
1993,1206,0,154,ernie_nestor
1993,1207,0,154,john_thompson_jr
1993,1208,0,154,hugh_durham
1993,1209,0,154,bob_reinhart
1993,1210,0,154,bobby_cremins
1993,1211,0,154,dan_fitzgerald
1993,1212,0,154,aaron_james
1993,1216,0,154,paul_brazeau
1993,1217,0,154,frank_sullivan
1993,1218,0,154,riley_wallace
1993,1220,0,154,butch_van_breda_kolff
1993,1221,0,154,george_blaney
1993,1222,0,154,pat_foster
1993,1224,0,154,butch_beard
1993,1225,0,154,larry_eustachy
1993,1226,0,154,herb_williams
1993,1227,0,154,bob_hallberg
1993,1228,0,154,lou_henson
1993,1229,0,154,bob_bender
1993,1231,0,154,bob_knight
1993,1232,0,154,tates_locke
1993,1233,0,154,jerry_welsh
1993,1234,0,154,tom_davis
1993,1235,0,154,johnny_orr
1993,1238,0,154,andy_stoglin
1993,1239,0,154,matt_kilcullen
1993,1241,0,154,lefty_driesell
1993,1242,0,154,roy_williams
1993,1243,0,154,dana_altman
1993,1245,0,154,dave_grube
1993,1246,0,154,rick_pitino
1993,1247,0,154,speedy_morris
1993,1248,0,154,john_leone
1993,1249,0,154,mike_newell
1993,1250,0,154,dave_duke
1993,1251,0,154,jeff_meyer
1993,1253,0,154,seth_greenberg
1993,1254,0,154,paul_lizzo
1993,1256,0,154,jerry_loyd
1993,1257,0,154,denny_crum
1993,1258,0,154,john_olive
1993,1259,0,154,joe_boylan
1993,1260,0,154,will_rey
1993,1261,0,154,dale_brown
1993,1263,0,154,rudy_keeling
1993,1264,0,154,fran_fraschilla
1993,1265,0,154,dave_magarity
1993,1266,0,154,kevin_o'neill
1993,1267,0,154,dwight_freeman
1993,1268,0,154,gary_williams
1993,1269,0,154,john_calipari
1993,1270,0,154,steve_welch
1993,1271,0,154,rob_chavez
1993,1272,0,154,larry_finch
1993,1273,0,154,bill_hodges
1993,1274,0,154,leonard_hamilton
1993,1275,0,154,joby_wright
1993,1276,0,154,steve_fisher
1993,1277,0,154,jud_heathcote
1993,1278,0,154,clem_haskins
1993,1279,0,154,rob_evans
1993,1280,0,154,richard_williams
1993,1281,0,154,norm_stewart
1993,1282,0,154,lee_hunt
1993,1283,0,154,mark_bernsen
1993,1284,0,154,wayne_szoke
1993,1285,0,154,blaine_taylor
1993,1286,0,154,mick_durham
1993,1287,0,154,dick_fick
1993,1288,0,154,michael_holmes
1993,1290,0,154,lafayette_stribling
1993,1291,0,154,jim_phelan
1993,1292,0,154,david_farrar
1993,1293,0,154,scott_edgar
1993,1296,0,154,brian_hammel
1993,1298,0,154,don_devoe
1993,1299,0,154,don_corbett
1993,1301,0,154,les_robinson
1993,1302,0,154,rees_johnson
1993,1304,0,154,danny_nee
1993,1305,0,154,len_stevens
1993,1306,0,154,gib_chapman
1993,1307,0,154,dave_bliss
1993,1308,0,154,neil_mccarthy
1993,1309,0,154,tim_floyd
1993,1310,0,154,jack_armstrong
1993,1311,0,154,rickey_broussard
1993,1314,0,154,dean_smith
1993,1317,0,154,jimmy_gales
1993,1318,0,154,karl_fogel
1993,1319,0,154,harold_merritt
1993,1320,0,154,eldon_miller
1993,1321,0,154,bill_e_foster
1993,1322,0,154,dan_bell
1993,1323,0,154,john_macleod
1993,1325,0,154,larry_hunter
1993,1326,0,154,randy_ayers
1993,1328,0,154,billy_tubbs
1993,1329,0,154,eddie_sutton
1993,1330,0,154,oliver_purnell
1993,1332,0,154,jerry_green
1993,1333,0,154,jim_anderson
1993,1334,0,154,bob_thomason
1993,1335,0,154,fran_dunphy
1993,1336,0,154,bruce_parkhill
1993,1337,0,154,tom_asbury
1993,1338,0,154,paul_evans
1993,1339,0,154,larry_steele
1993,1341,0,154,elwood_plummer
1993,1343,0,154,pete_carril
1993,1344,0,154,rick_barnes
1993,1345,0,154,gene_keady
1993,1347,0,154,ron_bradley
1993,1348,0,154,al_skinner
1993,1349,0,154,willis_wilson
1993,1350,0,154,dick_tarrant
1993,1351,0,154,kevin_bannon
1993,1352,0,154,jarrett_durham
1993,1353,0,154,bob_wenzel
1993,1354,0,154,cy_alexander
1993,1356,0,154,rich_herrin
1993,1358,0,154,jerry_hopkins
1993,1359,0,154,john_brady
1993,1360,0,154,hank_egan
1993,1361,0,154,tony_fuller
1993,1362,0,154,jim_brovelli
1993,1363,0,154,stan_morrison
1993,1364,0,154,jerry_pimm
1993,1365,0,154,dick_davey
1993,1368,0,154,norm_picou
1993,1369,0,154,ron_shumate
1993,1371,0,154,p_j_carlesimo
1993,1372,0,154,ned_fowler
1993,1373,0,154,mike_deane
1993,1374,0,154,john_shumate
1993,1375,0,154,ronnie_arrow
1993,1376,0,154,steve_newton
1993,1378,0,154,bobby_paschal
1993,1379,0,154,m_k_turk
1993,1380,0,154,ben_jobe
1993,1381,0,154,bill_evans
1993,1382,0,154,jim_baron
1993,1383,0,154,ron_ganulin
1993,1384,0,154,tom_mcconnell
1993,1385,0,154,brian_mahoney
1993,1386,0,154,john_griffin
1993,1387,0,154,charles_spoonhour
1993,1388,0,154,ernie_kent
1993,1389,0,154,ted_fiore
1993,1390,0,154,mike_montgomery
1993,1391,0,154,glenn_wilkes
1993,1393,0,154,jim_boeheim
1993,1395,0,154,moe_iba
1993,1396,0,154,john_chaney
1993,1397,0,154,wade_houston
1993,1398,0,154,frankie_allen
1993,1399,0,154,frank_harrell
1993,1400,0,154,thomas_penders
1993,1401,0,154,tony_barone
1993,1402,0,154,jim_wooldridge
1993,1403,0,154,james_dickey
1993,1404,0,154,cal_luther
1993,1405,0,154,larry_gipson
1993,1406,0,154,terry_truax
1993,1408,0,154,perry_clark
1993,1409,0,154,tubby_smith
1993,1410,0,154,mark_adams_tx
1993,1411,0,154,robert_moreland
1993,1412,0,154,gene_bartow
1993,1414,0,154,rod_baker
1993,1416,0,154,joe_dean
1993,1417,0,154,jim_harrick
1993,1418,0,154,marty_fletcher
1993,1419,0,154,mike_vining
1993,1420,0,154,earl_hawkins
1993,1421,0,154,don_doucette
1993,1422,0,154,mike_dement
1993,1423,0,154,kevin_eastman
1993,1424,0,154,rollie_massimino
1993,1425,0,154,george_raveling
1993,1426,0,154,eddie_mccarter
1993,1427,0,154,stu_starner
1993,1428,0,154,rick_majerus
1993,1429,0,154,kohn_smith
1993,1431,0,154,don_haskins
1993,1433,0,154,sonny_smith
1993,1434,0,154,homer_drew
1993,1435,0,154,eddie_fogler
1993,1436,0,154,tom_brennan
1993,1437,0,154,steve_lappas
1993,1438,0,154,jeff_a_jones
1993,1439,0,154,bill_c_foster
1993,1440,0,154,joey_cantafio
1993,1441,0,154,greg_blatt
1993,1442,0,154,jim_kerwin
1993,1443,0,154,ralph_willard
1993,1444,0,154,bob_donewald
1993,1447,0,154,tim_capstraw
1993,1448,0,154,dave_odom
1993,1449,0,154,lynn_nance
1993,1450,0,154,kelvin_sampson
1993,1451,0,154,ron_abegglen
1993,1452,0,154,gale_catlett
1993,1453,0,154,dick_bennett
1993,1454,0,154,steve_antrim
1993,1455,0,154,scott_thompson
1993,1456,0,154,chuck_swenson
1993,1457,0,154,dan_kenney
1993,1458,0,154,stu_jackson
1993,1460,0,154,ralph_underhill
1993,1461,0,154,benny_dees
1993,1462,0,154,pete_gillen
1993,1463,0,154,dick_kuchen
1993,1464,0,154,john_stroia
1994,1102,0,154,reggie_minton
1994,1103,0,154,coleman_crawford
1994,1104,0,154,david_hobbs
1994,1106,0,154,james_oliver
1994,1108,0,154,sam_weaver
1994,1110,0,154,chris_knoche
1994,1111,0,154,tom_apke
1994,1112,0,154,lute_olson
1994,1113,0,154,bill_frieder
1994,1114,0,154,jim_platt
1994,1116,0,154,nolan_richardson_jr
1994,1117,0,154,nelson_catalina
1994,1119,0,154,dino_gaudio
1994,1120,0,154,tommy_joe_eagles
1994,1122,0,154,dave_loos
1994,1123,0,154,ray_mccallum
1994,1124,0,154,darrell_johnson
1994,1126,0,154,tony_sheals
1994,1129,0,154,bobby_dye
1994,1130,0,154,jim_j_o'brien
1994,1131,0,154,bob_brown
1994,1132,0,154,jim_larranaga
1994,1133,0,154,jim_molinari
1994,1135,0,154,frank_dobbs
1994,1137,0,154,charles_woollum
1994,1138,0,154,tim_cohane
1994,1139,0,154,barry_collier
1994,1140,0,154,roger_reid
1994,1141,0,154,leonard_drake
1994,1143,0,154,todd_bozeman
1994,1144,0,154,billy_lee
1994,1145,0,154,john_beilein
1994,1147,0,154,tommy_vardeman
1994,1148,0,154,mark_adams_cn
1994,1149,0,154,gary_edwards
1994,1150,0,154,jeff_mullins
1994,1151,0,154,mack_mccarthy
1994,1152,0,154,rick_pryor
1994,1153,0,154,bob_huggins
1994,1154,0,154,pat_dennis
1994,1155,0,154,cliff_ellis
1994,1156,0,154,mike_boyd
1994,1157,0,154,russ_bergman
1994,1158,0,154,john_kresse
1994,1159,0,154,jack_bruen
1994,1160,0,154,joe_harrington
1994,1161,0,154,stew_morrill
1994,1162,0,154,jack_rohan
1994,1163,0,154,jim_calhoun
1994,1164,0,154,fang_mitchell
1994,1165,0,154,al_walker
1994,1166,0,154,rich_johnson
1994,1168,0,154,brad_holland
1994,1169,0,154,pete_cassidy
1994,1170,0,154,don_newman
1994,1171,0,154,dave_faucher
1994,1172,0,154,bob_mckillop
1994,1173,0,154,jim_f_o'brien
1994,1174,0,154,steve_steinwedel
1994,1175,0,154,jeff_jones
1994,1177,0,154,joey_meyer
1994,1178,0,154,perry_watson
1994,1179,0,154,rudy_washington
1994,1180,0,154,bill_herrion
1994,1181,0,154,mike_krzyzewski
1994,1182,0,154,john_carroll
1994,1183,0,154,rick_samuels
1994,1184,0,154,mike_calhoun
1994,1185,0,154,ben_braun
1994,1186,0,154,john_wade
1994,1187,0,154,eddie_payne
1994,1190,0,154,alan_leforce
1994,1191,0,154,jim_crews
1994,1192,0,154,tom_green
1994,1193,0,154,paul_cormier
1994,1194,0,154,tim_loomis
1994,1196,0,154,lon_kruger
1994,1197,0,154,ron_brown
1994,1198,0,154,bob_weltlich
1994,1199,0,154,pat_kennedy
1994,1200,0,154,nick_macarchuk
1994,1201,0,154,gary_colson
1994,1202,0,154,butch_estes
1994,1203,0,154,mike_jarvis
1994,1204,0,154,frank_kerns
1994,1206,0,154,paul_westhead
1994,1207,0,154,john_thompson_jr
1994,1208,0,154,hugh_durham
1994,1209,0,154,bob_reinhart
1994,1210,0,154,bobby_cremins
1994,1211,0,154,dan_fitzgerald
1994,1212,0,154,aaron_james
1994,1216,0,154,paul_brazeau
1994,1217,0,154,frank_sullivan
1994,1218,0,154,riley_wallace
1994,1220,0,154,butch_van_breda_kolff
1994,1221,0,154,george_blaney
1994,1222,0,154,alvin_brooks
1994,1224,0,154,butch_beard
1994,1225,0,154,joe_cravens
1994,1226,0,154,herb_williams
1994,1227,0,154,bob_hallberg
1994,1228,0,154,lou_henson
1994,1229,0,154,kevin_stallings
1994,1231,0,154,bob_knight
1994,1232,0,154,tates_locke
1994,1233,0,154,jerry_welsh
1994,1234,0,154,tom_davis
1994,1235,0,154,johnny_orr
1994,1238,0,154,andy_stoglin
1994,1239,0,154,matt_kilcullen
1994,1241,0,154,lefty_driesell
1994,1242,0,154,roy_williams
1994,1243,0,154,dana_altman
1994,1245,0,154,dave_grube
1994,1246,0,154,rick_pitino
1994,1247,0,154,speedy_morris
1994,1248,0,154,john_leone
1994,1249,0,154,grey_giovanine
1994,1250,0,154,dave_duke
1994,1251,0,154,jeff_meyer
1994,1253,0,154,seth_greenberg
1994,1254,0,154,paul_lizzo
1994,1256,0,154,jerry_loyd
1994,1257,0,154,denny_crum
1994,1258,0,154,john_olive
1994,1259,0,154,skip_prosser
1994,1260,0,154,will_rey
1994,1261,0,154,dale_brown
1994,1263,0,154,rudy_keeling
1994,1264,0,154,fran_fraschilla
1994,1265,0,154,dave_magarity
1994,1266,0,154,kevin_o'neill
1994,1267,0,154,dwight_freeman
1994,1268,0,154,gary_williams
1994,1269,0,154,john_calipari
1994,1270,0,154,steve_welch
1994,1271,0,154,rob_chavez
1994,1272,0,154,larry_finch
1994,1273,0,154,bill_hodges
1994,1274,0,154,leonard_hamilton
1994,1275,0,154,herb_sendek
1994,1276,0,154,steve_fisher
1994,1277,0,154,jud_heathcote
1994,1278,0,154,clem_haskins
1994,1279,0,154,rob_evans
1994,1280,0,154,richard_williams
1994,1281,0,154,norm_stewart
1994,1282,0,154,lee_hunt
1994,1283,0,154,mark_bernsen
1994,1284,0,154,wayne_szoke
1994,1285,0,154,blaine_taylor
1994,1286,0,154,mick_durham
1994,1287,0,154,dick_fick
1994,1288,0,154,michael_holmes
1994,1290,0,154,lafayette_stribling
1994,1291,0,154,jim_phelan
1994,1292,0,154,david_farrar
1994,1293,0,154,scott_edgar
1994,1296,0,154,brian_hammel
1994,1298,0,154,don_devoe
1994,1299,0,154,jeff_capel
1994,1301,0,154,les_robinson
1994,1302,0,154,rees_johnson
1994,1304,0,154,danny_nee
1994,1305,0,154,pat_foster
1994,1306,0,154,gib_chapman
1994,1307,0,154,dave_bliss
1994,1308,0,154,neil_mccarthy
1994,1309,0,154,tim_floyd
1994,1310,0,154,jack_armstrong
1994,1311,0,154,rickey_broussard
1994,1314,0,154,dean_smith
1994,1317,0,154,tim_jankovich
1994,1318,0,154,karl_fogel
1994,1319,0,154,harold_merritt
1994,1320,0,154,eldon_miller
1994,1321,0,154,ricky_byrdsong
1994,1322,0,154,dan_bell
1994,1323,0,154,john_macleod
1994,1325,0,154,larry_hunter
1994,1326,0,154,randy_ayers
1994,1328,0,154,billy_tubbs
1994,1329,0,154,eddie_sutton
1994,1330,0,154,oliver_purnell
1994,1331,0,154,bill_self
1994,1332,0,154,jerry_green
1994,1333,0,154,jim_anderson
1994,1334,0,154,bob_thomason
1994,1335,0,154,fran_dunphy
1994,1336,0,154,bruce_parkhill
1994,1337,0,154,tom_asbury
1994,1338,0,154,paul_evans
1994,1339,0,154,larry_steele
1994,1341,0,154,elwood_plummer
1994,1343,0,154,pete_carril
1994,1344,0,154,rick_barnes
1994,1345,0,154,gene_keady
1994,1347,0,154,ron_bradley
1994,1348,0,154,al_skinner
1994,1349,0,154,willis_wilson
1994,1350,0,154,bill_dooley
1994,1351,0,154,kevin_bannon
1994,1352,0,154,jarrett_durham
1994,1353,0,154,bob_wenzel
1994,1354,0,154,cy_alexander
1994,1356,0,154,rich_herrin
1994,1358,0,154,jerry_hopkins
1994,1359,0,154,john_brady
1994,1360,0,154,hank_egan
1994,1361,0,154,tony_fuller
1994,1362,0,154,jim_brovelli
1994,1363,0,154,stan_morrison
1994,1364,0,154,jerry_pimm
1994,1365,0,154,dick_davey
1994,1368,0,154,norm_picou
1994,1369,0,154,ron_shumate
1994,1371,0,154,p_j_carlesimo
1994,1372,0,154,ned_fowler
1994,1373,0,154,mike_deane
1994,1374,0,154,john_shumate
1994,1375,0,154,ronnie_arrow
1994,1376,0,154,eddie_fogler
1994,1378,0,154,bobby_paschal
1994,1379,0,154,m_k_turk
1994,1380,0,154,ben_jobe
1994,1381,0,154,bill_evans
1994,1382,0,154,jim_baron
1994,1383,0,154,ron_ganulin
1994,1384,0,154,tom_mcconnell
1994,1385,0,154,brian_mahoney
1994,1386,0,154,john_griffin
1994,1387,0,154,charles_spoonhour
1994,1388,0,154,ernie_kent
1994,1389,0,154,ted_fiore
1994,1390,0,154,mike_montgomery
1994,1391,0,154,dan_hipsher
1994,1393,0,154,jim_boeheim
1994,1395,0,154,moe_iba
1994,1396,0,154,john_chaney
1994,1397,0,154,wade_houston
1994,1398,0,154,frankie_allen
1994,1399,0,154,frank_harrell
1994,1400,0,154,thomas_penders
1994,1401,0,154,tony_barone
1994,1402,0,154,jim_wooldridge
1994,1403,0,154,james_dickey
1994,1404,0,154,cal_luther
1994,1405,0,154,larry_gipson
1994,1406,0,154,terry_truax
1994,1407,0,154,don_maestri
1994,1408,0,154,perry_clark
1994,1409,0,154,tubby_smith
1994,1410,0,154,mark_adams_tx
1994,1411,0,154,robert_moreland
1994,1412,0,154,gene_bartow
1994,1414,0,154,rod_baker
1994,1416,0,154,kirk_speraw
1994,1417,0,154,jim_harrick
1994,1418,0,154,marty_fletcher
1994,1419,0,154,mike_vining
1994,1420,0,154,earl_hawkins
1994,1421,0,154,randy_wiel
1994,1422,0,154,mike_dement
1994,1423,0,154,kevin_eastman
1994,1424,0,154,rollie_massimino
1994,1425,0,154,george_raveling
1994,1426,0,154,eddie_mccarter
1994,1427,0,154,stu_starner
1994,1428,0,154,rick_majerus
1994,1429,0,154,larry_eustachy
1994,1431,0,154,don_haskins
1994,1433,0,154,sonny_smith
1994,1434,0,154,homer_drew
1994,1435,0,154,jan_van_breda_kolff
1994,1436,0,154,tom_brennan
1994,1437,0,154,steve_lappas
1994,1438,0,154,jeff_a_jones
1994,1439,0,154,bill_c_foster
1994,1440,0,154,joey_cantafio
1994,1441,0,154,benny_dees
1994,1442,0,154,jim_kerwin
1994,1443,0,154,ralph_willard
1994,1444,0,154,bob_donewald
1994,1447,0,154,tim_capstraw
1994,1448,0,154,dave_odom
1994,1449,0,154,bob_bender
1994,1450,0,154,kelvin_sampson
1994,1451,0,154,ron_abegglen
1994,1452,0,154,gale_catlett
1994,1453,0,154,dick_bennett
1994,1454,0,154,steve_antrim
1994,1455,0,154,scott_thompson
1994,1456,0,154,chuck_swenson
1994,1457,0,154,dan_kenney
1994,1458,0,154,stu_jackson
1994,1460,0,154,ralph_underhill
1994,1461,0,154,joby_wright
1994,1462,0,154,pete_gillen
1994,1463,0,154,dick_kuchen
1994,1464,0,154,dan_peters
1995,1102,0,154,reggie_minton
1995,1103,0,154,coleman_crawford
1995,1104,0,154,david_hobbs
1995,1106,0,154,james_oliver
1995,1108,0,154,sam_weaver
1995,1110,0,154,chris_knoche
1995,1111,0,154,tom_apke
1995,1112,0,154,lute_olson
1995,1113,0,154,bill_frieder
1995,1114,0,154,wimp_sanderson
1995,1116,0,154,nolan_richardson_jr
1995,1117,0,154,nelson_catalina
1995,1119,0,154,dino_gaudio
1995,1120,0,154,cliff_ellis
1995,1122,0,154,dave_loos
1995,1123,0,154,ray_mccallum
1995,1124,0,154,harry_miller
1995,1126,0,154,tony_sheals
1995,1129,0,154,bobby_dye
1995,1130,0,154,jim_j_o'brien
1995,1131,0,154,dennis_wolff
1995,1132,0,154,jim_larranaga
1995,1133,0,154,jim_molinari
1995,1135,0,154,frank_dobbs
1995,1137,0,154,pat_flannery
1995,1138,0,154,tim_cohane
1995,1139,0,154,barry_collier
1995,1140,0,154,roger_reid
1995,1141,0,154,leonard_drake
1995,1142,0,154,steve_beason
1995,1143,0,154,todd_bozeman
1995,1144,0,154,billy_lee
1995,1145,0,154,john_beilein
1995,1147,0,154,tommy_vardeman
1995,1148,0,154,mark_adams_cn
1995,1149,0,154,gary_edwards
1995,1150,0,154,jeff_mullins
1995,1151,0,154,mack_mccarthy
1995,1152,0,154,craig_hodges
1995,1153,0,154,bob_huggins
1995,1154,0,154,pat_dennis
1995,1155,0,154,rick_barnes
1995,1156,0,154,mike_boyd
1995,1157,0,154,michael_hopkins
1995,1158,0,154,john_kresse
1995,1159,0,154,jack_bruen
1995,1160,0,154,joe_harrington
1995,1161,0,154,stew_morrill
1995,1162,0,154,jack_rohan
1995,1163,0,154,jim_calhoun
1995,1164,0,154,fang_mitchell
1995,1165,0,154,al_walker
1995,1166,0,154,dana_altman
1995,1168,0,154,bob_hawking
1995,1169,0,154,pete_cassidy
1995,1170,0,154,don_newman
1995,1171,0,154,dave_faucher
1995,1172,0,154,bob_mckillop
1995,1173,0,154,oliver_purnell
1995,1174,0,154,steve_steinwedel
1995,1175,0,154,fred_goodman
1995,1177,0,154,joey_meyer
1995,1178,0,154,perry_watson
1995,1179,0,154,rudy_washington
1995,1180,0,154,bill_herrion
1995,1181,0,66,mike_krzyzewski
1995,1181,67,154,pete_gaudet
1995,1182,0,154,john_carroll
1995,1183,0,154,rick_samuels
1995,1184,0,154,mike_calhoun
1995,1185,0,154,ben_braun
1995,1186,0,154,john_wade
1995,1187,0,154,eddie_payne
1995,1190,0,154,alan_leforce
1995,1191,0,154,jim_crews
1995,1192,0,154,tom_green
1995,1193,0,154,paul_cormier
1995,1194,0,154,tim_loomis
1995,1196,0,154,lon_kruger
1995,1197,0,154,ron_brown
1995,1198,0,154,bob_weltlich
1995,1199,0,154,pat_kennedy
1995,1200,0,154,nick_macarchuk
1995,1201,0,154,gary_colson
1995,1202,0,154,joey_cantafio
1995,1203,0,154,mike_jarvis
1995,1204,0,154,doug_durham
1995,1206,0,154,paul_westhead
1995,1207,0,154,john_thompson_jr
1995,1208,0,154,hugh_durham
1995,1209,0,154,carter_wilson
1995,1210,0,154,bobby_cremins
1995,1211,0,154,dan_fitzgerald
1995,1212,0,154,aaron_james
1995,1216,0,154,paul_brazeau
1995,1217,0,154,frank_sullivan
1995,1218,0,154,riley_wallace
1995,1220,0,154,jay_wright
1995,1221,0,154,william_raynor
1995,1222,0,154,alvin_brooks
1995,1224,0,154,mike_mcleese
1995,1225,0,154,joe_cravens
1995,1226,0,154,herb_williams
1995,1227,0,154,bob_hallberg
1995,1228,0,154,lou_henson
1995,1229,0,154,kevin_stallings
1995,1231,0,154,bob_knight
1995,1232,0,154,sherman_dillard
1995,1233,0,154,jerry_welsh
1995,1234,0,154,tom_davis
1995,1235,0,154,tim_floyd
1995,1238,0,154,andy_stoglin
1995,1239,0,154,george_scholz
1995,1241,0,154,lefty_driesell
1995,1242,0,154,roy_williams
1995,1243,0,154,tom_asbury
1995,1245,0,154,dave_grube
1995,1246,0,154,rick_pitino
1995,1247,0,154,speedy_morris
1995,1248,0,154,john_leone
1995,1249,0,154,grey_giovanine
1995,1250,0,154,dave_duke
1995,1251,0,154,jeff_meyer
1995,1253,0,154,seth_greenberg
1995,1254,0,154,paul_lizzo
1995,1256,0,154,jim_wooldridge
1995,1257,0,154,denny_crum
1995,1258,0,154,john_olive
1995,1259,0,154,brian_ellerbe
1995,1260,0,154,ken_burmeister
1995,1261,0,154,dale_brown
1995,1263,0,154,rudy_keeling
1995,1264,0,154,fran_fraschilla
1995,1265,0,154,dave_magarity
1995,1266,0,154,mike_deane
1995,1267,0,154,billy_donovan
1995,1268,0,154,gary_williams
1995,1269,0,154,john_calipari
1995,1270,0,154,ron_everhart
1995,1271,0,154,jeffrey_menday
1995,1272,0,154,larry_finch
1995,1273,0,154,bill_hodges
1995,1274,0,154,leonard_hamilton
1995,1275,0,154,herb_sendek
1995,1276,0,154,steve_fisher
1995,1277,0,154,jud_heathcote
1995,1278,0,154,clem_haskins
1995,1279,0,154,rob_evans
1995,1280,0,154,richard_williams
1995,1281,0,154,norm_stewart
1995,1282,0,154,lee_hunt
1995,1283,0,154,mark_bernsen
1995,1284,0,154,wayne_szoke
1995,1285,0,154,blaine_taylor
1995,1286,0,154,mick_durham
1995,1287,0,154,dick_fick
1995,1288,0,154,lynn_ramage
1995,1290,0,154,lafayette_stribling
1995,1291,0,154,jim_phelan
1995,1292,0,154,david_farrar
1995,1293,0,154,scott_edgar
1995,1296,0,154,brian_hammel
1995,1298,0,154,don_devoe
1995,1299,0,154,roy_thomas
1995,1301,0,154,les_robinson
1995,1302,0,154,rees_johnson
1995,1304,0,154,danny_nee
1995,1305,0,154,pat_foster
1995,1306,0,154,gib_chapman
1995,1307,0,154,dave_bliss
1995,1308,0,154,neil_mccarthy
1995,1309,0,154,tic_price
1995,1310,0,154,jack_armstrong
1995,1311,0,154,rickey_broussard
1995,1314,0,154,dean_smith
1995,1317,0,154,tim_jankovich
1995,1318,0,154,dave_leitao
1995,1319,0,154,ben_howland
1995,1320,0,154,eldon_miller
1995,1321,0,154,ricky_byrdsong
1995,1322,0,154,j_d_barnett
1995,1323,0,154,john_macleod
1995,1325,0,154,larry_hunter
1995,1326,0,154,randy_ayers
1995,1328,0,154,kelvin_sampson
1995,1329,0,154,eddie_sutton
1995,1330,0,154,jeff_capel
1995,1331,0,154,bill_self
1995,1332,0,154,jerry_green
1995,1333,0,154,jim_anderson
1995,1334,0,154,bob_thomason
1995,1335,0,154,fran_dunphy
1995,1336,0,154,bruce_parkhill
1995,1337,0,154,tony_fuller
1995,1338,0,154,ralph_willard
1995,1339,0,154,rob_chavez
1995,1341,0,154,elwood_plummer
1995,1343,0,154,pete_carril
1995,1344,0,154,pete_gillen
1995,1345,0,154,gene_keady
1995,1347,0,154,ron_bradley
1995,1348,0,154,al_skinner
1995,1349,0,154,willis_wilson
1995,1350,0,154,bill_dooley
1995,1351,0,154,kevin_bannon
1995,1352,0,154,jarrett_durham
1995,1353,0,154,bob_wenzel
1995,1354,0,113,cy_alexander
1995,1354,114,154,ben_betts
1995,1356,0,154,rich_herrin
1995,1358,0,154,jerry_hopkins
1995,1359,0,154,john_brady
1995,1360,0,154,brad_holland
1995,1361,0,154,fred_trenkle
1995,1362,0,154,jim_brovelli
1995,1363,0,154,stan_morrison
1995,1364,0,154,jerry_pimm
1995,1365,0,154,dick_davey
1995,1368,0,154,john_lyles
1995,1369,0,154,ron_shumate
1995,1371,0,154,george_blaney
1995,1372,0,154,ned_fowler
1995,1373,0,154,bob_beyer
1995,1374,0,154,john_shumate
1995,1375,0,46,ronnie_arrow
1995,1375,47,154,judas_prada
1995,1376,0,154,eddie_fogler
1995,1378,0,154,bobby_paschal
1995,1379,0,154,m_k_turk
1995,1380,0,154,ben_jobe
1995,1381,0,154,bill_evans
1995,1382,0,154,jim_baron
1995,1383,0,154,ron_ganulin
1995,1384,0,154,tom_mcconnell
1995,1385,0,154,brian_mahoney
1995,1386,0,154,john_griffin
1995,1387,0,154,charles_spoonhour
1995,1388,0,154,ernie_kent
1995,1389,0,154,ted_fiore
1995,1390,0,154,mike_montgomery
1995,1391,0,154,dan_hipsher
1995,1393,0,154,jim_boeheim
1995,1395,0,154,billy_tubbs
1995,1396,0,154,john_chaney
1995,1397,0,154,kevin_o'neill
1995,1398,0,154,frankie_allen
1995,1399,0,154,frank_harrell
1995,1400,0,154,thomas_penders
1995,1401,0,154,tony_barone
1995,1402,0,154,mike_miller
1995,1403,0,154,james_dickey
1995,1404,0,154,cal_luther
1995,1405,0,154,larry_gipson
1995,1406,0,154,terry_truax
1995,1407,0,154,don_maestri
1995,1408,0,154,perry_clark
1995,1409,0,154,tubby_smith
1995,1410,0,154,mark_adams_tx
1995,1411,0,154,robert_moreland
1995,1412,0,154,gene_bartow
1995,1414,0,154,rod_baker
1995,1416,0,154,kirk_speraw
1995,1417,0,154,jim_harrick
1995,1418,0,154,marty_fletcher
1995,1419,0,154,mike_vining
1995,1420,0,154,earl_hawkins
1995,1421,0,154,randy_wiel
1995,1422,0,154,mike_dement
1995,1423,0,154,jerry_wainwright
1995,1424,0,66,tim_grgurich
1995,1424,67,90,howie_landa
1995,1424,91,154,cleveland_edwards
1995,1425,0,154,charlie_parker
1995,1426,0,154,eddie_mccarter
1995,1427,0,154,stu_starner
1995,1428,0,154,rick_majerus
1995,1429,0,154,larry_eustachy
1995,1431,0,154,don_haskins
1995,1433,0,154,sonny_smith
1995,1434,0,154,homer_drew
1995,1435,0,154,jan_van_breda_kolff
1995,1436,0,154,tom_brennan
1995,1437,0,154,steve_lappas
1995,1438,0,154,jeff_a_jones
1995,1439,0,154,bill_c_foster
1995,1440,0,154,bart_bellairs
1995,1441,0,154,benny_dees
1995,1442,0,154,jim_kerwin
1995,1443,0,154,matt_kilcullen
1995,1444,0,154,bob_donewald
1995,1447,0,154,tim_capstraw
1995,1448,0,154,dave_odom
1995,1449,0,154,bob_bender
1995,1450,0,154,kevin_eastman
1995,1451,0,154,ron_abegglen
1995,1452,0,154,gale_catlett
1995,1453,0,154,dick_bennett
1995,1454,0,154,steve_antrim
1995,1455,0,154,scott_thompson
1995,1456,0,154,charles_woollum
1995,1457,0,154,dan_kenney
1995,1458,0,154,stan_van_gundy
1995,1460,0,154,ralph_underhill
1995,1461,0,154,joby_wright
1995,1462,0,154,skip_prosser
1995,1463,0,154,dick_kuchen
1995,1464,0,154,dan_peters
1996,1102,0,154,reggie_minton
1996,1103,0,154,dan_hipsher
1996,1104,0,154,david_hobbs
1996,1106,0,154,john_l_williams
1996,1108,0,154,sam_weaver
1996,1110,0,154,chris_knoche
1996,1111,0,154,tom_apke
1996,1112,0,154,lute_olson
1996,1113,0,154,bill_frieder
1996,1114,0,154,wimp_sanderson
1996,1116,0,154,nolan_richardson_jr
1996,1117,0,154,dickey_nutt
1996,1119,0,154,dino_gaudio
1996,1120,0,154,cliff_ellis
1996,1122,0,154,dave_loos
1996,1123,0,154,ray_mccallum
1996,1124,0,154,harry_miller
1996,1126,0,154,tony_sheals
1996,1129,0,154,rod_jensen
1996,1130,0,154,jim_j_o'brien
1996,1131,0,154,dennis_wolff
1996,1132,0,154,jim_larranaga
1996,1133,0,154,jim_molinari
1996,1135,0,154,frank_dobbs
1996,1137,0,154,pat_flannery
1996,1138,0,154,tim_cohane
1996,1139,0,154,barry_collier
1996,1140,0,154,roger_reid
1996,1141,0,154,leonard_drake
1996,1142,0,154,jeff_schneider
1996,1143,0,154,todd_bozeman
1996,1144,0,154,billy_lee
1996,1145,0,154,john_beilein
1996,1147,0,154,tommy_vardeman
1996,1148,0,154,mark_adams_cn
1996,1149,0,154,gary_edwards
1996,1150,0,154,jeff_mullins
1996,1151,0,154,mack_mccarthy
1996,1152,0,154,craig_hodges
1996,1153,0,154,bob_huggins
1996,1154,0,154,pat_dennis
1996,1155,0,154,rick_barnes
1996,1156,0,154,mike_boyd
1996,1157,0,154,michael_hopkins
1996,1158,0,154,john_kresse
1996,1159,0,154,jack_bruen
1996,1160,0,77,joe_harrington
1996,1160,78,154,ricardo_patton
1996,1161,0,154,stew_morrill
1996,1162,0,154,armond_hill
1996,1163,0,154,jim_calhoun
1996,1164,0,154,fang_mitchell
1996,1165,0,154,al_walker
1996,1166,0,154,dana_altman
1996,1168,0,154,bob_hawking
1996,1169,0,154,pete_cassidy
1996,1170,0,154,don_newman
1996,1171,0,154,dave_faucher
1996,1172,0,154,bob_mckillop
1996,1173,0,154,oliver_purnell
1996,1174,0,154,mike_brey
1996,1175,0,154,fred_goodman
1996,1177,0,154,joey_meyer
1996,1178,0,154,perry_watson
1996,1179,0,154,rudy_washington
1996,1180,0,154,bill_herrion
1996,1181,0,154,mike_krzyzewski
1996,1182,0,154,scott_edgar
1996,1183,0,154,rick_samuels
1996,1184,0,154,mike_calhoun
1996,1185,0,154,ben_braun
1996,1186,0,154,steve_aggers
1996,1187,0,154,joe_dooley
1996,1190,0,154,alan_leforce
1996,1191,0,154,jim_crews
1996,1192,0,154,tom_green
1996,1193,0,154,paul_cormier
1996,1194,0,154,kevin_billerman
1996,1196,0,154,lon_kruger
1996,1197,0,93,ron_brown
1996,1197,94,154,mickey_clayton
1996,1198,0,154,shakey_rodriguez
1996,1199,0,154,pat_kennedy
1996,1200,0,154,nick_macarchuk
1996,1201,0,154,jerry_tarkanian
1996,1202,0,154,joey_cantafio
1996,1203,0,154,mike_jarvis
1996,1204,0,154,gregg_polinsky
1996,1206,0,154,paul_westhead
1996,1207,0,154,john_thompson_jr
1996,1208,0,154,tubby_smith
1996,1209,0,154,carter_wilson
1996,1210,0,154,bobby_cremins
1996,1211,0,154,dan_fitzgerald
1996,1212,0,154,larry_reynolds
1996,1214,0,154,byron_samuels
1996,1216,0,154,paul_brazeau
1996,1217,0,154,frank_sullivan
1996,1218,0,154,riley_wallace
1996,1220,0,154,jay_wright
1996,1221,0,154,william_raynor
1996,1222,0,154,alvin_brooks
1996,1224,0,154,mike_mcleese
1996,1225,0,154,joe_cravens
1996,1226,0,154,herb_williams
1996,1227,0,154,bob_hallberg
1996,1228,0,154,lou_henson
1996,1229,0,154,kevin_stallings
1996,1231,0,154,bob_knight
1996,1232,0,154,sherman_dillard
1996,1233,0,154,tim_welsh
1996,1234,0,154,tom_davis
1996,1235,0,154,tim_floyd
1996,1238,0,154,andy_stoglin
1996,1239,0,154,george_scholz
1996,1240,0,154,bill_jones
1996,1241,0,154,lefty_driesell
1996,1242,0,154,roy_williams
1996,1243,0,154,tom_asbury
1996,1245,0,154,dave_grube
1996,1246,0,154,rick_pitino
1996,1247,0,154,speedy_morris
1996,1248,0,154,fran_o'hanlon
1996,1249,0,154,grey_giovanine
1996,1250,0,154,dave_duke
1996,1251,0,154,jeff_meyer
1996,1253,0,154,seth_greenberg
1996,1254,0,154,ray_haskins
1996,1256,0,154,jim_wooldridge
1996,1257,0,154,denny_crum
1996,1258,0,154,john_olive
1996,1259,0,154,brian_ellerbe
1996,1260,0,154,ken_burmeister
1996,1261,0,154,dale_brown
1996,1263,0,154,rudy_keeling
1996,1264,0,154,fran_fraschilla
1996,1265,0,154,dave_magarity
1996,1266,0,154,mike_deane
1996,1267,0,154,billy_donovan
1996,1268,0,154,gary_williams
1996,1269,0,154,john_calipari
1996,1270,0,154,ron_everhart
1996,1271,0,154,jeffrey_menday
1996,1272,0,154,larry_finch
1996,1273,0,154,bill_hodges
1996,1274,0,154,leonard_hamilton
1996,1275,0,154,herb_sendek
1996,1276,0,154,steve_fisher
1996,1277,0,154,tom_izzo
1996,1278,0,154,clem_haskins
1996,1279,0,154,rob_evans
1996,1280,0,154,richard_williams
1996,1281,0,154,norm_stewart
1996,1282,0,154,lee_hunt
1996,1283,0,154,steve_alford
1996,1284,0,154,wayne_szoke
1996,1285,0,154,blaine_taylor
1996,1286,0,154,mick_durham
1996,1287,0,154,dick_fick
1996,1288,0,154,chris_fuller
1996,1290,0,154,lafayette_stribling
1996,1291,0,154,jim_phelan
1996,1292,0,154,david_farrar
1996,1293,0,154,mark_gottfried
1996,1296,0,154,brian_hammel
1996,1298,0,154,don_devoe
1996,1299,0,154,roy_thomas
1996,1301,0,154,les_robinson
1996,1302,0,154,rees_johnson
1996,1304,0,154,danny_nee
1996,1305,0,154,pat_foster
1996,1306,0,154,gib_chapman
1996,1307,0,154,dave_bliss
1996,1308,0,154,neil_mccarthy
1996,1309,0,154,tic_price
1996,1310,0,154,jack_armstrong
1996,1311,0,154,rickey_broussard
1996,1314,0,154,dean_smith
1996,1317,0,154,tim_jankovich
1996,1318,0,154,dave_leitao
1996,1319,0,154,ben_howland
1996,1320,0,154,eldon_miller
1996,1321,0,154,ricky_byrdsong
1996,1322,0,154,j_d_barnett
1996,1323,0,154,john_macleod
1996,1325,0,154,larry_hunter
1996,1326,0,154,randy_ayers
1996,1328,0,154,kelvin_sampson
1996,1329,0,154,eddie_sutton
1996,1330,0,154,jeff_capel
1996,1331,0,154,bill_self
1996,1332,0,154,jerry_green
1996,1333,0,154,eddie_payne
1996,1334,0,154,bob_thomason
1996,1335,0,154,fran_dunphy
1996,1336,0,154,jerry_dunn
1996,1337,0,81,tony_fuller
1996,1337,82,154,marty_wilson
1996,1338,0,154,ralph_willard
1996,1339,0,154,rob_chavez
1996,1341,0,154,elwood_plummer
1996,1343,0,154,pete_carril
1996,1344,0,154,pete_gillen
1996,1345,0,154,gene_keady
1996,1347,0,154,ron_bradley
1996,1348,0,154,al_skinner
1996,1349,0,154,willis_wilson
1996,1350,0,154,bill_dooley
1996,1351,0,154,kevin_bannon
1996,1352,0,154,jarrett_durham
1996,1353,0,154,bob_wenzel
1996,1354,0,154,cy_alexander
1996,1356,0,154,rich_herrin
1996,1358,0,154,jerry_hopkins
1996,1359,0,154,john_brady
1996,1360,0,154,brad_holland
1996,1361,0,154,fred_trenkle
1996,1362,0,154,philip_mathews
1996,1363,0,154,stan_morrison
1996,1364,0,154,jerry_pimm
1996,1365,0,154,dick_davey
1996,1368,0,154,john_lyles
1996,1369,0,154,ron_shumate
1996,1371,0,154,george_blaney
1996,1372,0,154,ned_fowler
1996,1373,0,154,bob_beyer
1996,1374,0,154,mike_dement
1996,1375,0,154,bill_musselman
1996,1376,0,154,eddie_fogler
1996,1378,0,154,bobby_paschal
1996,1379,0,154,m_k_turk
1996,1380,0,154,ben_jobe
1996,1381,0,154,bill_evans
1996,1382,0,154,jim_baron
1996,1383,0,154,ron_ganulin
1996,1384,0,154,tom_mcconnell
1996,1385,0,154,brian_mahoney
1996,1386,0,154,phil_martelli
1996,1387,0,154,charles_spoonhour
1996,1388,0,154,ernie_kent
1996,1389,0,154,rodger_blind
1996,1390,0,154,mike_montgomery
1996,1391,0,154,randy_brown
1996,1393,0,154,jim_boeheim
1996,1395,0,154,billy_tubbs
1996,1396,0,154,john_chaney
1996,1397,0,154,kevin_o'neill
1996,1398,0,154,frankie_allen
1996,1399,0,154,frank_harrell
1996,1400,0,154,thomas_penders
1996,1401,0,154,tony_barone
1996,1402,0,154,mike_miller
1996,1403,0,154,james_dickey
1996,1404,0,154,cal_luther
1996,1405,0,154,larry_gipson
1996,1406,0,154,terry_truax
1996,1407,0,154,don_maestri
1996,1408,0,154,perry_clark
1996,1409,0,154,steve_robinson
1996,1410,0,154,mark_adams_tx
1996,1411,0,154,robert_moreland
1996,1412,0,154,gene_bartow
1996,1414,0,154,rod_baker
1996,1416,0,154,kirk_speraw
1996,1417,0,154,jim_harrick
1996,1418,0,154,marty_fletcher
1996,1419,0,154,mike_vining
1996,1420,0,154,tom_sullivan
1996,1421,0,154,randy_wiel
1996,1422,0,154,randy_peele
1996,1423,0,154,jerry_wainwright
1996,1424,0,154,bill_bayno
1996,1425,0,99,charlie_parker
1996,1425,100,154,henry_bibby
1996,1426,0,154,eddie_mccarter
1996,1427,0,154,tim_carter
1996,1428,0,154,rick_majerus
1996,1429,0,154,larry_eustachy
1996,1431,0,154,don_haskins
1996,1433,0,154,sonny_smith
1996,1434,0,154,homer_drew
1996,1435,0,154,jan_van_breda_kolff
1996,1436,0,154,tom_brennan
1996,1437,0,154,steve_lappas
1996,1438,0,154,jeff_a_jones
1996,1439,0,154,bill_c_foster
1996,1440,0,154,bart_bellairs
1996,1441,0,154,phil_hopkins
1996,1442,0,154,jim_kerwin
1996,1443,0,154,matt_kilcullen
1996,1444,0,154,bob_donewald
1996,1447,0,154,tim_capstraw
1996,1448,0,154,dave_odom
1996,1449,0,154,bob_bender
1996,1450,0,154,kevin_eastman
1996,1451,0,154,ron_abegglen
1996,1452,0,154,gale_catlett
1996,1453,0,154,mike_heideman
1996,1454,0,154,ric_cobb
1996,1455,0,154,scott_thompson
1996,1456,0,154,charles_woollum
1996,1457,0,154,dan_kenney
1996,1458,0,154,dick_bennett
1996,1459,0,154,richard_johnson
1996,1460,0,154,ralph_underhill
1996,1461,0,154,joby_wright
1996,1462,0,154,skip_prosser
1996,1463,0,154,dick_kuchen
1996,1464,0,154,dan_peters
1997,1102,0,154,reggie_minton
1997,1103,0,154,dan_hipsher
1997,1104,0,154,david_hobbs
1997,1106,0,154,rob_spivery
1997,1108,0,154,davey_whitney
1997,1110,0,154,chris_knoche
1997,1111,0,154,buzz_peterson
1997,1112,0,154,lute_olson
1997,1113,0,154,bill_frieder
1997,1114,0,154,wimp_sanderson
1997,1116,0,154,nolan_richardson_jr
1997,1117,0,154,dickey_nutt
1997,1119,0,154,dino_gaudio
1997,1120,0,154,cliff_ellis
1997,1122,0,154,dave_loos
1997,1123,0,154,ray_mccallum
1997,1124,0,154,harry_miller
1997,1126,0,154,tony_sheals
1997,1129,0,154,rod_jensen
1997,1130,0,154,jim_j_o'brien
1997,1131,0,154,dennis_wolff
1997,1132,0,154,jim_larranaga
1997,1133,0,154,jim_molinari
1997,1135,0,154,frank_dobbs
1997,1137,0,154,pat_flannery
1997,1138,0,154,tim_cohane
1997,1139,0,154,barry_collier
1997,1140,0,49,roger_reid
1997,1140,50,154,tony_ingle
1997,1141,0,154,leonard_drake
1997,1142,0,154,jeff_schneider
1997,1143,0,154,ben_braun
1997,1144,0,154,billy_lee
1997,1145,0,154,john_beilein
1997,1147,0,154,tommy_vardeman
1997,1148,0,154,howie_dickenman
1997,1149,0,154,tom_conrad
1997,1150,0,154,melvin_watkins
1997,1151,0,154,mack_mccarthy
1997,1152,0,45,craig_hodges
1997,1152,46,154,phillip_gary
1997,1153,0,154,bob_huggins
1997,1154,0,154,pat_dennis
1997,1155,0,154,rick_barnes
1997,1156,0,154,rollie_massimino
1997,1157,0,154,michael_hopkins
1997,1158,0,154,john_kresse
1997,1159,0,154,jack_bruen
1997,1160,0,154,ricardo_patton
1997,1161,0,154,stew_morrill
1997,1162,0,154,armond_hill
1997,1163,0,154,jim_calhoun
1997,1164,0,154,fang_mitchell
1997,1165,0,154,scott_thompson
1997,1166,0,154,dana_altman
1997,1168,0,154,bob_hawking
1997,1169,0,154,bobby_braswell
1997,1170,0,154,don_newman
1997,1171,0,154,dave_faucher
1997,1172,0,154,bob_mckillop
1997,1173,0,154,oliver_purnell
1997,1174,0,154,mike_brey
1997,1175,0,154,art_perry
1997,1177,0,154,joey_meyer
1997,1178,0,154,perry_watson
1997,1179,0,154,kurt_kanaskie
1997,1180,0,154,bill_herrion
1997,1181,0,154,mike_krzyzewski
1997,1182,0,154,scott_edgar
1997,1183,0,154,rick_samuels
1997,1184,0,154,mike_calhoun
1997,1185,0,154,milton_barnes
1997,1186,0,154,steve_aggers
1997,1187,0,154,joe_dooley
1997,1190,0,154,ed_dechellis
1997,1191,0,154,jim_crews
1997,1192,0,154,tom_green
1997,1193,0,154,paul_cormier
1997,1194,0,154,kevin_billerman
1997,1196,0,154,billy_donovan
1997,1197,0,154,mickey_clayton
1997,1198,0,154,shakey_rodriguez
1997,1199,0,154,pat_kennedy
1997,1200,0,154,nick_macarchuk
1997,1201,0,154,jerry_tarkanian
1997,1202,0,154,joey_cantafio
1997,1203,0,154,mike_jarvis
1997,1204,0,154,gregg_polinsky
1997,1206,0,154,paul_westhead
1997,1207,0,154,john_thompson_jr
1997,1208,0,154,tubby_smith
1997,1209,0,154,carter_wilson
1997,1210,0,154,bobby_cremins
1997,1211,0,154,dan_fitzgerald
1997,1212,0,154,larry_reynolds
1997,1214,0,154,byron_samuels
1997,1216,0,154,paul_brazeau
1997,1217,0,154,frank_sullivan
1997,1218,0,154,riley_wallace
1997,1220,0,154,jay_wright
1997,1221,0,154,william_raynor
1997,1222,0,154,alvin_brooks
1997,1224,0,154,mike_mcleese
1997,1225,0,154,kermit_davis
1997,1226,0,154,herb_williams
1997,1227,0,154,jimmy_collins
1997,1228,0,154,lon_kruger
1997,1229,0,154,kevin_stallings
1997,1231,0,154,bob_knight
1997,1232,0,154,sherman_dillard
1997,1233,0,154,tim_welsh
1997,1234,0,154,tom_davis
1997,1235,0,154,tim_floyd
1997,1238,0,154,andy_stoglin
1997,1239,0,51,george_scholz
1997,1239,52,154,buster_harvey
1997,1240,0,154,bill_jones
1997,1241,0,154,lefty_driesell
1997,1242,0,154,roy_williams
1997,1243,0,154,tom_asbury
1997,1245,0,154,gary_waters
1997,1246,0,154,rick_pitino
1997,1247,0,154,speedy_morris
1997,1248,0,154,fran_o'hanlon
1997,1249,0,154,grey_giovanine
1997,1250,0,154,sal_mentesana
1997,1251,0,154,jeff_meyer
1997,1253,0,154,wayne_morgan
1997,1254,0,154,ray_haskins
1997,1256,0,154,jim_wooldridge
1997,1257,0,154,denny_crum
1997,1258,0,154,john_olive
1997,1259,0,154,brian_ellerbe
1997,1260,0,154,ken_burmeister
1997,1261,0,154,dale_brown
1997,1263,0,154,john_giannini
1997,1264,0,154,john_leonard
1997,1265,0,154,dave_magarity
1997,1266,0,154,mike_deane
1997,1267,0,154,greg_white
1997,1268,0,154,gary_williams
1997,1269,0,154,bruiser_flint
1997,1270,0,154,ron_everhart
1997,1271,0,154,lonnie_williams
1997,1272,0,154,larry_finch
1997,1273,0,154,bill_hodges
1997,1274,0,154,leonard_hamilton
1997,1275,0,154,charlie_coles
1997,1276,0,154,steve_fisher
1997,1277,0,154,tom_izzo
1997,1278,0,154,clem_haskins
1997,1279,0,154,rob_evans
1997,1280,0,154,richard_williams
1997,1281,0,154,norm_stewart
1997,1282,0,154,bob_sundvold
1997,1283,0,154,steve_alford
1997,1284,0,154,wayne_szoke
1997,1285,0,154,blaine_taylor
1997,1286,0,154,mick_durham
1997,1287,0,154,dick_fick
1997,1288,0,154,chris_fuller
1997,1290,0,154,lafayette_stribling
1997,1291,0,154,jim_phelan
1997,1292,0,154,randy_wiel
1997,1293,0,154,mark_gottfried
1997,1296,0,154,brian_hammel
1997,1298,0,154,don_devoe
1997,1299,0,154,roy_thomas
1997,1301,0,154,herb_sendek
1997,1302,0,154,rees_johnson
1997,1304,0,154,danny_nee
1997,1305,0,154,pat_foster
1997,1306,0,154,jeff_jackson
1997,1307,0,154,dave_bliss
1997,1308,0,154,neil_mccarthy
1997,1309,0,154,tic_price
1997,1310,0,154,jack_armstrong
1997,1311,0,154,rickey_broussard
1997,1314,0,154,dean_smith
1997,1317,0,154,tim_jankovich
1997,1318,0,154,rudy_keeling
1997,1319,0,154,ben_howland
1997,1320,0,154,eldon_miller
1997,1321,0,154,ricky_byrdsong
1997,1322,0,154,j_d_barnett
1997,1323,0,154,john_macleod
1997,1325,0,154,larry_hunter
1997,1326,0,154,randy_ayers
1997,1328,0,154,kelvin_sampson
1997,1329,0,154,eddie_sutton
1997,1330,0,154,jeff_capel
1997,1331,0,154,bill_self
1997,1332,0,154,jerry_green
1997,1333,0,154,eddie_payne
1997,1334,0,154,bob_thomason
1997,1335,0,154,fran_dunphy
1997,1336,0,154,jerry_dunn
1997,1337,0,154,lorenzo_romar
1997,1338,0,154,ralph_willard
1997,1339,0,154,rob_chavez
1997,1341,0,154,elwood_plummer
1997,1343,0,154,bill_carmody
1997,1344,0,154,pete_gillen
1997,1345,0,154,gene_keady
1997,1347,0,154,ron_bradley
1997,1348,0,154,al_skinner
1997,1349,0,154,willis_wilson
1997,1350,0,154,bill_dooley
1997,1351,0,154,kevin_bannon
1997,1352,0,154,jim_boone
1997,1353,0,154,bob_wenzel
1997,1354,0,154,cy_alexander
1997,1356,0,154,rich_herrin
1997,1358,0,154,jerry_hopkins
1997,1359,0,154,john_brady
1997,1360,0,154,brad_holland
1997,1361,0,154,fred_trenkle
1997,1362,0,154,philip_mathews
1997,1363,0,154,stan_morrison
1997,1364,0,154,jerry_pimm
1997,1365,0,154,dick_davey
1997,1368,0,154,john_lyles
1997,1369,0,154,ron_shumate
1997,1371,0,154,george_blaney
1997,1372,0,154,derek_allister
1997,1373,0,154,bob_beyer
1997,1374,0,154,mike_dement
1997,1375,0,154,bill_musselman
1997,1376,0,154,eddie_fogler
1997,1378,0,154,seth_greenberg
1997,1379,0,154,james_green
1997,1380,0,154,tommy_green
1997,1381,0,154,bill_evans
1997,1382,0,154,jim_baron
1997,1383,0,154,ron_ganulin
1997,1384,0,154,tom_mcconnell
1997,1385,0,154,fran_fraschilla
1997,1386,0,154,phil_martelli
1997,1387,0,154,charles_spoonhour
1997,1388,0,154,ernie_kent
1997,1389,0,154,rodger_blind
1997,1390,0,154,mike_montgomery
1997,1391,0,154,randy_brown
1997,1393,0,154,jim_boeheim
1997,1395,0,154,billy_tubbs
1997,1396,0,154,john_chaney
1997,1397,0,154,kevin_o'neill
1997,1398,0,154,frankie_allen
1997,1399,0,154,frank_harrell
1997,1400,0,154,thomas_penders
1997,1401,0,154,tony_barone
1997,1402,0,154,mike_miller
1997,1403,0,154,james_dickey
1997,1404,0,154,cal_luther
1997,1405,0,154,stan_joplin
1997,1406,0,154,terry_truax
1997,1407,0,154,don_maestri
1997,1408,0,154,perry_clark
1997,1409,0,154,steve_robinson
1997,1410,0,154,mark_adams_tx
1997,1411,0,154,robert_moreland
1997,1412,0,154,murry_bartow
1997,1414,0,154,rod_baker
1997,1416,0,154,kirk_speraw
1997,1417,0,154,steve_lavin
1997,1418,0,154,marty_fletcher
1997,1419,0,154,mike_vining
1997,1420,0,154,tom_sullivan
1997,1421,0,154,eddie_biedenbach
1997,1422,0,154,randy_peele
1997,1423,0,154,jerry_wainwright
1997,1424,0,154,bill_bayno
1997,1425,0,154,henry_bibby
1997,1426,0,154,eddie_mccarter
1997,1427,0,154,tim_carter
1997,1428,0,154,rick_majerus
1997,1429,0,154,larry_eustachy
1997,1431,0,154,don_haskins
1997,1433,0,154,sonny_smith
1997,1434,0,154,homer_drew
1997,1435,0,154,jan_van_breda_kolff
1997,1436,0,154,tom_brennan
1997,1437,0,154,steve_lappas
1997,1438,0,154,jeff_a_jones
1997,1439,0,154,bill_c_foster
1997,1440,0,154,bart_bellairs
1997,1441,0,154,phil_hopkins
1997,1442,0,154,jim_kerwin
1997,1443,0,154,matt_kilcullen
1997,1444,0,154,bob_donewald
1997,1447,0,154,tim_capstraw
1997,1448,0,154,dave_odom
1997,1449,0,154,bob_bender
1997,1450,0,154,kevin_eastman
1997,1451,0,154,ron_abegglen
1997,1452,0,154,gale_catlett
1997,1453,0,154,mike_heideman
1997,1454,0,154,ric_cobb
1997,1455,0,154,randy_smithson
1997,1456,0,154,charles_woollum
1997,1457,0,154,dan_kenney
1997,1458,0,154,dick_bennett
1997,1459,0,154,richard_johnson
1997,1460,0,154,jim_brown
1997,1461,0,154,joby_wright
1997,1462,0,154,skip_prosser
1997,1463,0,154,dick_kuchen
1997,1464,0,154,dan_peters
1998,1102,0,154,reggie_minton
1998,1103,0,154,dan_hipsher
1998,1104,0,154,david_hobbs
1998,1106,0,154,rob_spivery
1998,1108,0,154,davey_whitney
1998,1110,0,154,art_perry
1998,1111,0,154,buzz_peterson
1998,1112,0,154,lute_olson
1998,1113,0,154,don_newman
1998,1114,0,154,wimp_sanderson
1998,1116,0,154,nolan_richardson_jr
1998,1117,0,154,dickey_nutt
1998,1119,0,154,pat_harris
1998,1120,0,154,cliff_ellis
1998,1122,0,154,dave_loos
1998,1123,0,154,ray_mccallum
1998,1124,0,154,harry_miller
1998,1126,0,154,horace_broadnax
1998,1129,0,154,rod_jensen
1998,1130,0,154,al_skinner
1998,1131,0,154,dennis_wolff
1998,1132,0,154,dan_dakich
1998,1133,0,154,jim_molinari
1998,1135,0,154,frank_dobbs
1998,1137,0,154,pat_flannery
1998,1138,0,154,tim_cohane
1998,1139,0,154,barry_collier
1998,1140,0,154,steve_cleveland
1998,1141,0,154,jay_smith
1998,1142,0,154,jeff_schneider
1998,1143,0,154,ben_braun
1998,1144,0,154,billy_lee
1998,1145,0,154,mike_macdonald
1998,1147,0,154,billy_kennedy
1998,1148,0,154,howie_dickenman
1998,1149,0,154,tom_conrad
1998,1150,0,154,melvin_watkins
1998,1151,0,154,henry_dickerson
1998,1152,0,154,phillip_gary
1998,1153,0,154,bob_huggins
1998,1154,0,154,pat_dennis
1998,1155,0,154,rick_barnes
1998,1156,0,154,rollie_massimino
1998,1157,0,154,michael_hopkins
1998,1158,0,154,john_kresse
1998,1159,0,47,jack_bruen
1998,1159,48,154,paul_aiello
1998,1160,0,154,ricardo_patton
1998,1161,0,154,stew_morrill
1998,1162,0,154,armond_hill
1998,1163,0,154,jim_calhoun
1998,1164,0,154,fang_mitchell
1998,1165,0,154,scott_thompson
1998,1166,0,154,dana_altman
1998,1168,0,154,bob_hawking
1998,1169,0,154,bobby_braswell
1998,1170,0,154,tom_abatemarco
1998,1171,0,154,dave_faucher
1998,1172,0,154,bob_mckillop
1998,1173,0,154,oliver_purnell
1998,1174,0,154,mike_brey
1998,1175,0,154,jimmy_dubose
1998,1177,0,154,pat_kennedy
1998,1178,0,154,perry_watson
1998,1179,0,154,kurt_kanaskie
1998,1180,0,154,bill_herrion
1998,1181,0,154,mike_krzyzewski
1998,1182,0,154,scott_edgar
1998,1183,0,154,rick_samuels
1998,1184,0,154,scott_perry
1998,1185,0,154,milton_barnes
1998,1186,0,154,steve_aggers
1998,1187,0,154,joe_dooley
1998,1190,0,154,ed_dechellis
1998,1191,0,154,jim_crews
1998,1192,0,154,tom_green
1998,1193,0,154,paul_cormier
1998,1194,0,154,kevin_billerman
1998,1196,0,154,billy_donovan
1998,1197,0,154,mickey_clayton
1998,1198,0,154,shakey_rodriguez
1998,1199,0,154,steve_robinson
1998,1200,0,154,nick_macarchuk
1998,1201,0,154,jerry_tarkanian
1998,1202,0,154,larry_davis
1998,1203,0,154,mike_jarvis
1998,1204,0,154,gregg_polinsky
1998,1206,0,154,jim_larranaga
1998,1207,0,154,john_thompson_jr
1998,1208,0,154,ron_jirsa
1998,1209,0,154,lefty_driesell
1998,1210,0,154,bobby_cremins
1998,1211,0,154,dan_monson
1998,1212,0,154,larry_reynolds
1998,1214,0,154,steve_merfeld
1998,1216,0,154,paul_brazeau
1998,1217,0,154,frank_sullivan
1998,1218,0,154,riley_wallace
1998,1220,0,154,jay_wright
1998,1221,0,154,william_raynor
1998,1222,0,154,alvin_brooks
1998,1224,0,154,mike_mcleese
1998,1225,0,154,david_farrar
1998,1226,0,154,herb_williams
1998,1227,0,154,jimmy_collins
1998,1228,0,154,lon_kruger
1998,1229,0,154,kevin_stallings
1998,1231,0,154,bob_knight
1998,1232,0,154,royce_waltman
1998,1233,0,154,tim_welsh
1998,1234,0,154,tom_davis
1998,1235,0,154,tim_floyd
1998,1238,0,154,andy_stoglin
1998,1239,0,154,hugh_durham
1998,1240,0,154,bill_jones
1998,1241,0,154,sherman_dillard
1998,1242,0,154,roy_williams
1998,1243,0,154,tom_asbury
1998,1245,0,154,gary_waters
1998,1246,0,154,tubby_smith
1998,1247,0,154,speedy_morris
1998,1248,0,154,fran_o'hanlon
1998,1249,0,154,grey_giovanine
1998,1250,0,154,sal_mentesana
1998,1251,0,154,randy_dunton
1998,1253,0,154,wayne_morgan
1998,1254,0,154,ray_haskins
1998,1256,0,154,jim_wooldridge
1998,1257,0,154,denny_crum
1998,1258,0,154,charles_bradley
1998,1259,0,154,dino_gaudio
1998,1260,0,154,ken_burmeister
1998,1261,0,154,john_brady
1998,1263,0,154,john_giannini
1998,1264,0,154,john_leonard
1998,1265,0,154,dave_magarity
1998,1266,0,154,mike_deane
1998,1267,0,154,greg_white
1998,1268,0,154,gary_williams
1998,1269,0,154,bruiser_flint
1998,1270,0,154,ron_everhart
1998,1271,0,154,lonnie_williams
1998,1272,0,154,tic_price
1998,1273,0,154,mark_slonaker
1998,1274,0,154,leonard_hamilton
1998,1275,0,154,charlie_coles
1998,1276,0,154,brian_ellerbe
1998,1277,0,154,tom_izzo
1998,1278,0,154,clem_haskins
1998,1279,0,154,rob_evans
1998,1280,0,154,richard_williams
1998,1281,0,154,norm_stewart
1998,1282,0,154,bob_sundvold
1998,1283,0,154,steve_alford
1998,1284,0,81,wayne_szoke
1998,1284,82,154,dave_calloway
1998,1285,0,154,blaine_taylor
1998,1286,0,154,mick_durham
1998,1287,0,154,kyle_macy
1998,1288,0,154,chris_fuller
1998,1290,0,154,lafayette_stribling
1998,1291,0,154,jim_phelan
1998,1292,0,154,randy_wiel
1998,1293,0,154,mark_gottfried
1998,1296,0,154,brian_hammel
1998,1298,0,154,don_devoe
1998,1299,0,154,roy_thomas
1998,1301,0,154,herb_sendek
1998,1302,0,154,rees_johnson
1998,1304,0,154,danny_nee
1998,1305,0,154,pat_foster
1998,1306,0,154,jeff_jackson
1998,1307,0,154,dave_bliss
1998,1308,0,154,lou_henson
1998,1309,0,154,joey_stiebing
1998,1310,0,154,jack_armstrong
1998,1311,0,154,rickey_broussard
1998,1313,0,154,michael_bernard
1998,1314,0,154,bill_guthridge
1998,1317,0,154,vic_trilli
1998,1318,0,154,rudy_keeling
1998,1319,0,154,ben_howland
1998,1320,0,154,eldon_miller
1998,1321,0,154,kevin_o'neill
1998,1322,0,154,j_d_barnett
1998,1323,0,154,john_macleod
1998,1325,0,154,larry_hunter
1998,1326,0,154,jim_j_o'brien
1998,1328,0,154,kelvin_sampson
1998,1329,0,154,eddie_sutton
1998,1330,0,154,jeff_capel
1998,1331,0,154,barry_hinson
1998,1332,0,154,ernie_kent
1998,1333,0,154,eddie_payne
1998,1334,0,154,bob_thomason
1998,1335,0,154,fran_dunphy
1998,1336,0,154,jerry_dunn
1998,1337,0,154,lorenzo_romar
1998,1338,0,154,ralph_willard
1998,1339,0,154,rob_chavez
1998,1341,0,154,elwood_plummer
1998,1343,0,154,bill_carmody
1998,1344,0,154,pete_gillen
1998,1345,0,154,gene_keady
1998,1347,0,154,ron_bradley
1998,1348,0,154,jim_harrick
1998,1349,0,154,willis_wilson
1998,1350,0,154,john_beilein
1998,1351,0,154,don_harnum
1998,1352,0,154,jim_boone
1998,1353,0,154,kevin_bannon
1998,1354,0,154,cy_alexander
1998,1356,0,154,rich_herrin
1998,1358,0,154,jerry_hopkins
1998,1359,0,154,jimmy_tillette
1998,1360,0,154,brad_holland
1998,1361,0,154,fred_trenkle
1998,1362,0,154,philip_mathews
1998,1363,0,154,stan_morrison
1998,1364,0,154,jerry_pimm
1998,1365,0,154,dick_davey
1998,1368,0,154,john_lyles
1998,1369,0,154,gary_garner
1998,1371,0,154,tommy_amaker
1998,1372,0,154,derek_allister
1998,1373,0,154,paul_hewitt
1998,1374,0,154,mike_dement
1998,1375,0,154,bob_weltlich
1998,1376,0,154,eddie_fogler
1998,1378,0,154,seth_greenberg
1998,1379,0,154,james_green
1998,1380,0,154,tommy_green
1998,1381,0,154,bill_evans
1998,1382,0,154,jim_baron
1998,1383,0,154,ron_ganulin
1998,1384,0,154,tom_mcconnell
1998,1385,0,154,fran_fraschilla
1998,1386,0,154,phil_martelli
1998,1387,0,154,charles_spoonhour
1998,1388,0,154,dave_bollwinkel
1998,1389,0,154,rodger_blind
1998,1390,0,154,mike_montgomery
1998,1391,0,154,murray_arnold
1998,1393,0,154,jim_boeheim
1998,1395,0,154,billy_tubbs
1998,1396,0,154,john_chaney
1998,1397,0,154,jerry_green
1998,1398,0,154,frankie_allen
1998,1399,0,154,frank_harrell
1998,1400,0,154,thomas_penders
1998,1401,0,154,tony_barone
1998,1402,0,154,mike_miller
1998,1403,0,154,james_dickey
1998,1404,0,154,cal_luther
1998,1405,0,154,stan_joplin
1998,1406,0,154,mike_jaskulski
1998,1407,0,154,don_maestri
1998,1408,0,154,perry_clark
1998,1409,0,154,bill_self
1998,1410,0,154,delray_brooks
1998,1411,0,154,robert_moreland
1998,1412,0,154,murry_bartow
1998,1414,0,154,pat_douglass
1998,1416,0,154,kirk_speraw
1998,1417,0,154,steve_lavin
1998,1418,0,154,jessie_evans
1998,1419,0,154,mike_vining
1998,1420,0,154,tom_sullivan
1998,1421,0,154,eddie_biedenbach
1998,1422,0,154,randy_peele
1998,1423,0,154,jerry_wainwright
1998,1424,0,154,bill_bayno
1998,1425,0,154,henry_bibby
1998,1426,0,154,eddie_mccarter
1998,1427,0,154,tim_carter
1998,1428,0,154,rick_majerus
1998,1429,0,154,larry_eustachy
1998,1431,0,154,don_haskins
1998,1433,0,154,sonny_smith
1998,1434,0,154,homer_drew
1998,1435,0,154,jan_van_breda_kolff
1998,1436,0,154,tom_brennan
1998,1437,0,154,steve_lappas
1998,1438,0,154,jeff_a_jones
1998,1439,0,154,bobby_hussey
1998,1440,0,154,bart_bellairs
1998,1441,0,154,phil_hopkins
1998,1442,0,154,jim_kerwin
1998,1443,0,109,matt_kilcullen
1998,1443,110,154,al_seibert
1998,1444,0,154,bob_donewald
1998,1447,0,154,tim_capstraw
1998,1448,0,154,dave_odom
1998,1449,0,154,bob_bender
1998,1450,0,154,kevin_eastman
1998,1451,0,154,ron_abegglen
1998,1452,0,154,gale_catlett
1998,1453,0,154,mike_heideman
1998,1454,0,154,ric_cobb
1998,1455,0,154,randy_smithson
1998,1456,0,154,charles_woollum
1998,1457,0,154,dan_kenney
1998,1458,0,154,dick_bennett
1998,1459,0,154,richard_johnson
1998,1460,0,154,ed_schilling
1998,1461,0,154,larry_shyatt
1998,1462,0,154,skip_prosser
1998,1463,0,154,dick_kuchen
1998,1464,0,154,dan_peters
1999,1102,0,154,reggie_minton
1999,1103,0,154,dan_hipsher
1999,1104,0,154,mark_gottfried
1999,1106,0,154,rob_spivery
1999,1108,0,154,davey_whitney
1999,1110,0,154,art_perry
1999,1111,0,154,buzz_peterson
1999,1112,0,154,lute_olson
1999,1113,0,154,rob_evans
1999,1114,0,154,wimp_sanderson
1999,1115,0,154,harold_blevins
1999,1116,0,154,nolan_richardson_jr
1999,1117,0,154,dickey_nutt
1999,1119,0,154,pat_harris
1999,1120,0,154,cliff_ellis
1999,1122,0,154,dave_loos
1999,1123,0,154,ray_mccallum
1999,1124,0,154,harry_miller
1999,1126,0,154,horace_broadnax
1999,1129,0,154,rod_jensen
1999,1130,0,154,al_skinner
1999,1131,0,154,dennis_wolff
1999,1132,0,154,dan_dakich
1999,1133,0,154,jim_molinari
1999,1135,0,154,frank_dobbs
1999,1137,0,154,pat_flannery
1999,1138,0,154,tim_cohane
1999,1139,0,154,barry_collier
1999,1140,0,154,steve_cleveland
1999,1141,0,154,jay_smith
1999,1142,0,154,jeff_schneider
1999,1143,0,154,ben_braun
1999,1144,0,154,billy_lee
1999,1145,0,154,mike_macdonald
1999,1147,0,154,billy_kennedy
1999,1148,0,154,howie_dickenman
1999,1149,0,154,tom_conrad
1999,1150,0,154,bobby_lutz
1999,1151,0,154,henry_dickerson
1999,1152,0,154,bo_ellis
1999,1153,0,154,bob_huggins
1999,1154,0,154,pat_dennis
1999,1155,0,154,larry_shyatt
1999,1156,0,154,rollie_massimino
1999,1157,0,154,pete_strickland
1999,1158,0,154,john_kresse
1999,1159,0,154,emmett_davis
1999,1160,0,154,ricardo_patton
1999,1161,0,154,ritchie_mckay
1999,1162,0,154,armond_hill
1999,1163,0,154,jim_calhoun
1999,1164,0,154,fang_mitchell
1999,1165,0,154,scott_thompson
1999,1166,0,154,dana_altman
1999,1168,0,154,bob_hawking
1999,1169,0,154,bobby_braswell
1999,1170,0,154,tom_abatemarco
1999,1171,0,154,dave_faucher
1999,1172,0,154,bob_mckillop
1999,1173,0,154,oliver_purnell
1999,1174,0,154,mike_brey
1999,1175,0,154,jimmy_dubose
1999,1176,0,154,marty_fletcher
1999,1177,0,154,pat_kennedy
1999,1178,0,154,perry_watson
1999,1179,0,154,kurt_kanaskie
1999,1180,0,154,bill_herrion
1999,1181,0,154,mike_krzyzewski
1999,1182,0,154,darelle_porter
1999,1183,0,154,rick_samuels
1999,1184,0,154,scott_perry
1999,1185,0,154,milton_barnes
1999,1186,0,154,steve_aggers
1999,1187,0,154,joe_dooley
1999,1190,0,154,ed_dechellis
1999,1191,0,154,jim_crews
1999,1192,0,154,tom_green
1999,1193,0,154,tim_o'toole
1999,1194,0,154,kevin_billerman
1999,1196,0,154,billy_donovan
1999,1197,0,154,mickey_clayton
1999,1198,0,154,shakey_rodriguez
1999,1199,0,154,steve_robinson
1999,1200,0,154,nick_macarchuk
1999,1201,0,154,jerry_tarkanian
1999,1202,0,154,larry_davis
1999,1203,0,154,thomas_penders
1999,1204,0,154,gregg_polinsky
1999,1206,0,154,jim_larranaga
1999,1207,0,71,john_thompson_jr
1999,1207,72,154,craig_esherick
1999,1208,0,154,ron_jirsa
1999,1209,0,154,lefty_driesell
1999,1210,0,154,bobby_cremins
1999,1211,0,154,dan_monson
1999,1212,0,154,larry_reynolds
1999,1214,0,154,steve_merfeld
1999,1216,0,154,paul_brazeau
1999,1217,0,154,frank_sullivan
1999,1218,0,154,riley_wallace
1999,1220,0,154,jay_wright
1999,1221,0,154,william_raynor
1999,1222,0,154,clyde_drexler
1999,1224,0,154,kirk_saulny
1999,1225,0,154,david_farrar
1999,1226,0,154,doug_oliver
1999,1227,0,154,jimmy_collins
1999,1228,0,154,lon_kruger
1999,1229,0,154,kevin_stallings
1999,1231,0,154,bob_knight
1999,1232,0,154,royce_waltman
1999,1233,0,154,jeff_ruland
1999,1234,0,154,tom_davis
1999,1235,0,154,larry_eustachy
1999,1237,0,154,ron_hunter
1999,1238,0,154,andy_stoglin
1999,1239,0,154,hugh_durham
1999,1240,0,154,mark_turgeon
1999,1241,0,154,sherman_dillard
1999,1242,0,154,roy_williams
1999,1243,0,154,tom_asbury
1999,1245,0,154,gary_waters
1999,1246,0,154,tubby_smith
1999,1247,0,154,speedy_morris
1999,1248,0,154,fran_o'hanlon
1999,1249,0,154,grey_giovanine
1999,1250,0,154,sal_mentesana
1999,1251,0,154,mel_hankinson
1999,1253,0,154,wayne_morgan
1999,1254,0,154,ray_martin
1999,1256,0,154,keith_richard
1999,1257,0,154,denny_crum
1999,1258,0,154,charles_bradley
1999,1259,0,154,dino_gaudio
1999,1260,0,154,larry_farmer
1999,1261,0,154,john_brady
1999,1263,0,154,john_giannini
1999,1264,0,154,john_leonard
1999,1265,0,154,dave_magarity
1999,1266,0,154,mike_deane
1999,1267,0,154,greg_white
1999,1268,0,154,gary_williams
1999,1269,0,154,bruiser_flint
1999,1270,0,154,ron_everhart
1999,1271,0,154,lonnie_williams
1999,1272,0,154,tic_price
1999,1273,0,154,mark_slonaker
1999,1274,0,154,leonard_hamilton
1999,1275,0,154,charlie_coles
1999,1276,0,154,brian_ellerbe
1999,1277,0,154,tom_izzo
1999,1278,0,154,clem_haskins
1999,1279,0,154,rod_barnes
1999,1280,0,154,rick_stansbury
1999,1281,0,154,norm_stewart
1999,1282,0,154,bob_sundvold
1999,1283,0,154,steve_alford
1999,1284,0,154,dave_calloway
1999,1285,0,154,don_holst
1999,1286,0,154,mick_durham
1999,1287,0,154,kyle_macy
1999,1288,0,154,chris_fuller
1999,1290,0,154,lafayette_stribling
1999,1291,0,154,jim_phelan
1999,1292,0,154,randy_wiel
1999,1293,0,154,tevester_anderson
1999,1296,0,154,brian_hammel
1999,1298,0,154,don_devoe
1999,1299,0,154,roy_thomas
1999,1301,0,154,herb_sendek
1999,1304,0,154,danny_nee
1999,1305,0,154,pat_foster
1999,1306,0,154,jeff_jackson
1999,1307,0,154,dave_bliss
1999,1308,0,154,lou_henson
1999,1309,0,154,joey_stiebing
1999,1310,0,154,joe_mihalich
1999,1311,0,154,rickey_broussard
1999,1313,0,154,mel_coleman
1999,1314,0,154,bill_guthridge
1999,1317,0,154,vic_trilli
1999,1318,0,154,rudy_keeling
1999,1319,0,154,ben_howland
1999,1320,0,154,sam_weaver
1999,1321,0,154,kevin_o'neill
1999,1322,0,154,j_d_barnett
1999,1323,0,154,john_macleod
1999,1325,0,154,larry_hunter
1999,1326,0,154,jim_j_o'brien
1999,1328,0,154,kelvin_sampson
1999,1329,0,154,eddie_sutton
1999,1330,0,154,jeff_capel
1999,1331,0,154,barry_hinson
1999,1332,0,154,ernie_kent
1999,1333,0,154,eddie_payne
1999,1334,0,154,bob_thomason
1999,1335,0,154,fran_dunphy
1999,1336,0,154,jerry_dunn
1999,1337,0,154,lorenzo_romar
1999,1338,0,154,ralph_willard
1999,1339,0,154,rob_chavez
1999,1340,0,154,joel_sobotka
1999,1341,0,154,elwood_plummer
1999,1343,0,154,bill_carmody
1999,1344,0,154,tim_welsh
1999,1345,0,154,gene_keady
1999,1346,0,154,joe_desantis
1999,1347,0,154,ron_bradley
1999,1348,0,154,jim_harrick
1999,1349,0,154,willis_wilson
1999,1350,0,154,john_beilein
1999,1351,0,154,don_harnum
1999,1352,0,154,jim_boone
1999,1353,0,154,kevin_bannon
1999,1354,0,154,cy_alexander
1999,1356,0,154,bruce_weber
1999,1358,0,154,bob_marlin
1999,1359,0,154,jimmy_tillette
1999,1360,0,154,brad_holland
1999,1361,0,154,fred_trenkle
1999,1362,0,154,philip_mathews
1999,1363,0,154,phil_johnson
1999,1364,0,154,bob_williams
1999,1365,0,154,dick_davey
1999,1368,0,154,john_lyles
1999,1369,0,154,gary_garner
1999,1371,0,154,tommy_amaker
1999,1372,0,154,derek_allister
1999,1373,0,154,paul_hewitt
1999,1374,0,154,mike_dement
1999,1375,0,154,bob_weltlich
1999,1376,0,154,eddie_fogler
1999,1378,0,154,seth_greenberg
1999,1379,0,154,james_green
1999,1380,0,154,tommy_green
1999,1381,0,154,bill_evans
1999,1382,0,154,jim_baron
1999,1383,0,154,ron_ganulin
1999,1384,0,154,tom_mcconnell
1999,1385,0,154,mike_jarvis
1999,1386,0,154,phil_martelli
1999,1387,0,154,charles_spoonhour
1999,1388,0,154,dave_bollwinkel
1999,1389,0,154,rodger_blind
1999,1390,0,154,mike_montgomery
1999,1391,0,154,murray_arnold
1999,1393,0,154,jim_boeheim
1999,1395,0,154,billy_tubbs
1999,1396,0,154,john_chaney
1999,1397,0,154,jerry_green
1999,1398,0,154,frankie_allen
1999,1399,0,154,jeff_lebo
1999,1400,0,154,rick_barnes
1999,1401,0,154,melvin_watkins
1999,1402,0,154,mike_miller
1999,1403,0,154,james_dickey
1999,1404,0,154,cal_luther
1999,1405,0,154,stan_joplin
1999,1406,0,154,mike_jaskulski
1999,1407,0,154,don_maestri
1999,1408,0,154,perry_clark
1999,1409,0,154,bill_self
1999,1410,0,154,delray_brooks
1999,1411,0,154,robert_moreland
1999,1412,0,154,murry_bartow
1999,1414,0,154,pat_douglass
1999,1416,0,154,kirk_speraw
1999,1417,0,154,steve_lavin
1999,1418,0,154,jessie_evans
1999,1419,0,154,mike_vining
1999,1420,0,154,tom_sullivan
1999,1421,0,154,eddie_biedenbach
1999,1422,0,154,randy_peele
1999,1423,0,154,jerry_wainwright
1999,1424,0,154,bill_bayno
1999,1425,0,154,henry_bibby
1999,1426,0,154,eddie_mccarter
1999,1427,0,154,tim_carter
1999,1428,0,154,rick_majerus
1999,1429,0,154,stew_morrill
1999,1431,0,154,don_haskins
1999,1433,0,154,mack_mccarthy
1999,1434,0,154,homer_drew
1999,1435,0,154,jan_van_breda_kolff
1999,1436,0,154,tom_brennan
1999,1437,0,154,steve_lappas
1999,1438,0,154,pete_gillen
1999,1439,0,154,bobby_hussey
1999,1440,0,154,bart_bellairs
1999,1441,0,154,phil_hopkins
1999,1442,0,154,jim_kerwin
1999,1443,0,154,dennis_felton
1999,1444,0,154,bob_donewald
1999,1447,0,154,tim_capstraw
1999,1448,0,154,dave_odom
1999,1449,0,154,bob_bender
1999,1450,0,154,kevin_eastman
1999,1451,0,154,ron_abegglen
1999,1452,0,154,gale_catlett
1999,1453,0,154,mike_heideman
1999,1454,0,154,ric_cobb
1999,1455,0,154,randy_smithson
1999,1456,0,154,charles_woollum
1999,1457,0,154,gregg_marshall
1999,1458,0,154,dick_bennett
1999,1459,0,154,richard_johnson
1999,1460,0,154,ed_schilling
1999,1461,0,154,steve_mcclain
1999,1462,0,154,skip_prosser
1999,1463,0,154,dick_kuchen
1999,1464,0,154,dan_peters
2000,1102,0,154,reggie_minton
2000,1103,0,154,dan_hipsher
2000,1104,0,154,mark_gottfried
2000,1105,0,154,vann_pettaway
2000,1106,0,154,rob_spivery
2000,1107,0,154,scott_hicks
2000,1108,0,154,davey_whitney
2000,1110,0,154,art_perry
2000,1111,0,154,buzz_peterson
2000,1112,0,154,lute_olson
2000,1113,0,154,rob_evans
2000,1114,0,154,sidney_moncrief
2000,1115,0,154,harold_blevins
2000,1116,0,154,nolan_richardson_jr
2000,1117,0,154,dickey_nutt
2000,1119,0,154,pat_harris
2000,1120,0,154,cliff_ellis
2000,1122,0,154,dave_loos
2000,1123,0,154,ray_mccallum
2000,1124,0,154,dave_bliss
2000,1125,0,154,rick_byrd
2000,1126,0,154,horace_broadnax
2000,1129,0,154,rod_jensen
2000,1130,0,154,al_skinner
2000,1131,0,154,dennis_wolff
2000,1132,0,154,dan_dakich
2000,1133,0,154,jim_molinari
2000,1135,0,154,glen_miller
2000,1137,0,154,pat_flannery
2000,1138,0,30,tim_cohane
2000,1138,31,154,reggie_witherspoon
2000,1139,0,154,barry_collier
2000,1140,0,154,steve_cleveland
2000,1141,0,154,jay_smith
2000,1142,0,154,jeff_schneider
2000,1143,0,154,ben_braun
2000,1144,0,154,billy_lee
2000,1145,0,154,mike_macdonald
2000,1147,0,154,kevin_johnson
2000,1148,0,154,howie_dickenman
2000,1149,0,154,tom_conrad
2000,1150,0,154,bobby_lutz
2000,1151,0,154,henry_dickerson
2000,1152,0,154,bo_ellis
2000,1153,0,154,bob_huggins
2000,1154,0,154,pat_dennis
2000,1155,0,154,larry_shyatt
2000,1156,0,154,rollie_massimino
2000,1157,0,154,pete_strickland
2000,1158,0,154,john_kresse
2000,1159,0,154,emmett_davis
2000,1160,0,154,ricardo_patton
2000,1161,0,154,ritchie_mckay
2000,1162,0,154,armond_hill
2000,1163,0,154,jim_calhoun
2000,1164,0,154,fang_mitchell
2000,1165,0,154,scott_thompson
2000,1166,0,154,dana_altman
2000,1168,0,154,bob_hawking
2000,1169,0,154,bobby_braswell
2000,1170,0,154,tom_abatemarco
2000,1171,0,154,dave_faucher
2000,1172,0,154,bob_mckillop
2000,1173,0,154,oliver_purnell
2000,1174,0,154,mike_brey
2000,1175,0,154,tony_sheals
2000,1176,0,154,marty_fletcher
2000,1177,0,154,pat_kennedy
2000,1178,0,154,perry_watson
2000,1179,0,154,kurt_kanaskie
2000,1180,0,154,steve_seymour
2000,1181,0,154,mike_krzyzewski
2000,1182,0,154,darelle_porter
2000,1183,0,154,rick_samuels
2000,1184,0,154,scott_perry
2000,1185,0,154,milton_barnes
2000,1186,0,154,steve_aggers
2000,1187,0,154,bill_herrion
2000,1189,0,154,mark_simons
2000,1190,0,154,ed_dechellis
2000,1191,0,154,jim_crews
2000,1192,0,154,tom_green
2000,1193,0,154,tim_o'toole
2000,1194,0,154,sidney_green
2000,1196,0,154,billy_donovan
2000,1197,0,154,mickey_clayton
2000,1198,0,154,shakey_rodriguez
2000,1199,0,154,steve_robinson
2000,1200,0,154,bob_hill
2000,1201,0,154,jerry_tarkanian
2000,1202,0,154,larry_davis
2000,1203,0,154,thomas_penders
2000,1204,0,154,jeff_price
2000,1206,0,154,jim_larranaga
2000,1207,0,154,craig_esherick
2000,1208,0,154,jim_harrick
2000,1209,0,154,lefty_driesell
2000,1210,0,154,bobby_cremins
2000,1211,0,154,mark_few
2000,1212,0,154,larry_wright
2000,1214,0,154,steve_merfeld
2000,1216,0,154,paul_brazeau
2000,1217,0,154,frank_sullivan
2000,1218,0,154,riley_wallace
2000,1219,0,154,jerry_steele
2000,1220,0,154,jay_wright
2000,1221,0,154,ralph_willard
2000,1222,0,154,clyde_drexler
2000,1224,0,64,kirk_saulny
2000,1224,65,154,willie_coward
2000,1225,0,154,david_farrar
2000,1226,0,154,doug_oliver
2000,1227,0,154,jimmy_collins
2000,1228,0,154,lon_kruger
2000,1229,0,154,tom_richardson
2000,1231,0,154,bob_knight
2000,1232,0,154,royce_waltman
2000,1233,0,154,jeff_ruland
2000,1234,0,154,steve_alford
2000,1235,0,154,larry_eustachy
2000,1237,0,154,ron_hunter
2000,1238,0,154,andy_stoglin
2000,1239,0,154,hugh_durham
2000,1240,0,154,mark_turgeon
2000,1241,0,154,sherman_dillard
2000,1242,0,154,roy_williams
2000,1243,0,154,tom_asbury
2000,1245,0,154,gary_waters
2000,1246,0,154,tubby_smith
2000,1247,0,154,speedy_morris
2000,1248,0,154,fran_o'hanlon
2000,1249,0,154,mike_deane
2000,1250,0,154,sal_mentesana
2000,1251,0,154,mel_hankinson
2000,1253,0,154,wayne_morgan
2000,1254,0,154,ray_martin
2000,1256,0,154,keith_richard
2000,1257,0,154,denny_crum
2000,1258,0,154,charles_bradley
2000,1259,0,154,dino_gaudio
2000,1260,0,154,larry_farmer
2000,1261,0,154,john_brady
2000,1263,0,154,john_giannini
2000,1264,0,154,bobby_gonzalez
2000,1265,0,154,dave_magarity
2000,1266,0,154,tom_crean
2000,1267,0,154,greg_white
2000,1268,0,154,gary_williams
2000,1269,0,154,bruiser_flint
2000,1270,0,154,ron_everhart
2000,1271,0,154,lonnie_williams
2000,1272,0,154,johnny_jones
2000,1273,0,154,mark_slonaker
2000,1274,0,154,leonard_hamilton
2000,1275,0,154,charlie_coles
2000,1276,0,154,brian_ellerbe
2000,1277,0,154,tom_izzo
2000,1278,0,154,dan_monson
2000,1279,0,154,rod_barnes
2000,1280,0,154,rick_stansbury
2000,1281,0,154,quin_snyder
2000,1282,0,154,bob_sundvold
2000,1283,0,154,barry_hinson
2000,1284,0,154,dave_calloway
2000,1285,0,154,don_holst
2000,1286,0,154,mick_durham
2000,1287,0,154,kyle_macy
2000,1288,0,154,chris_fuller
2000,1290,0,154,lafayette_stribling
2000,1291,0,154,jim_phelan
2000,1292,0,154,randy_wiel
2000,1293,0,154,tevester_anderson
2000,1296,0,154,brian_hammel
2000,1298,0,154,don_devoe
2000,1299,0,154,curtis_hunter
2000,1301,0,154,herb_sendek
2000,1304,0,154,danny_nee
2000,1305,0,154,trent_johnson
2000,1306,0,154,phil_rowe
2000,1307,0,154,fran_fraschilla
2000,1308,0,154,lou_henson
2000,1309,0,154,joey_stiebing
2000,1310,0,154,joe_mihalich
2000,1311,0,154,rickey_broussard
2000,1313,0,154,wil_jones
2000,1314,0,154,bill_guthridge
2000,1317,0,154,vic_trilli
2000,1318,0,154,rudy_keeling
2000,1319,0,154,mike_adras
2000,1320,0,154,sam_weaver
2000,1321,0,154,kevin_o'neill
2000,1322,0,154,mike_mcconathy
2000,1323,0,154,matt_doherty
2000,1324,0,154,greg_kampe
2000,1325,0,154,larry_hunter
2000,1326,0,154,jim_j_o'brien
2000,1328,0,154,kelvin_sampson
2000,1329,0,154,eddie_sutton
2000,1330,0,154,jeff_capel
2000,1331,0,154,scott_sutton
2000,1332,0,154,ernie_kent
2000,1333,0,154,eddie_payne
2000,1334,0,154,bob_thomason
2000,1335,0,154,fran_dunphy
2000,1336,0,154,jerry_dunn
2000,1337,0,154,jan_van_breda_kolff
2000,1338,0,154,ben_howland
2000,1339,0,154,rob_chavez
2000,1340,0,154,joel_sobotka
2000,1341,0,154,elwood_plummer
2000,1343,0,154,bill_carmody
2000,1344,0,154,tim_welsh
2000,1345,0,154,gene_keady
2000,1346,0,154,joe_desantis
2000,1347,0,154,ron_bradley
2000,1348,0,154,jerry_degregorio
2000,1349,0,154,willis_wilson
2000,1350,0,154,john_beilein
2000,1351,0,154,don_harnum
2000,1352,0,154,jim_boone
2000,1353,0,154,kevin_bannon
2000,1354,0,154,cy_alexander
2000,1356,0,154,bruce_weber
2000,1357,0,154,dave_bike
2000,1358,0,154,bob_marlin
2000,1359,0,154,jimmy_tillette
2000,1360,0,154,brad_holland
2000,1361,0,154,steve_fisher
2000,1362,0,154,philip_mathews
2000,1363,0,154,steve_barnes
2000,1364,0,154,bob_williams
2000,1365,0,154,dick_davey
2000,1368,0,154,billy_kennedy
2000,1369,0,154,gary_garner
2000,1371,0,154,tommy_amaker
2000,1372,0,154,derek_allister
2000,1373,0,154,paul_hewitt
2000,1374,0,154,mike_dement
2000,1375,0,154,bob_weltlich
2000,1376,0,154,eddie_fogler
2000,1378,0,154,seth_greenberg
2000,1379,0,154,james_green
2000,1380,0,154,tommy_green
2000,1381,0,154,bill_evans
2000,1382,0,154,jim_baron
2000,1383,0,154,ron_ganulin
2000,1384,0,154,bobby_jones
2000,1385,0,154,mike_jarvis
2000,1386,0,154,phil_martelli
2000,1387,0,154,lorenzo_romar
2000,1388,0,154,dave_bollwinkel
2000,1389,0,154,rodger_blind
2000,1390,0,154,mike_montgomery
2000,1391,0,154,murray_arnold
2000,1392,0,154,nick_macarchuk
2000,1393,0,154,jim_boeheim
2000,1395,0,154,billy_tubbs
2000,1396,0,154,john_chaney
2000,1397,0,154,jerry_green
2000,1398,0,154,frankie_allen
2000,1399,0,154,jeff_lebo
2000,1400,0,154,rick_barnes
2000,1401,0,154,melvin_watkins
2000,1402,0,154,mike_miller
2000,1403,0,154,james_dickey
2000,1404,0,154,bret_campbell
2000,1405,0,154,stan_joplin
2000,1406,0,154,mike_jaskulski
2000,1407,0,154,don_maestri
2000,1408,0,154,perry_clark
2000,1409,0,154,bill_self
2000,1410,0,154,bob_hoffman
2000,1411,0,154,robert_moreland
2000,1412,0,154,murry_bartow
2000,1414,0,154,pat_douglass
2000,1416,0,154,kirk_speraw
2000,1417,0,154,steve_lavin
2000,1418,0,154,jessie_evans
2000,1419,0,154,mike_vining
2000,1420,0,154,tom_sullivan
2000,1421,0,154,eddie_biedenbach
2000,1422,0,154,fran_mccaffery
2000,1423,0,154,jerry_wainwright
2000,1424,0,154,bill_bayno
2000,1425,0,154,henry_bibby
2000,1426,0,154,eddie_mccarter
2000,1427,0,154,tim_carter
2000,1428,0,154,rick_majerus
2000,1429,0,154,stew_morrill
2000,1431,0,154,jason_rabedeaux
2000,1433,0,154,mack_mccarthy
2000,1434,0,154,homer_drew
2000,1435,0,154,kevin_stallings
2000,1436,0,154,tom_brennan
2000,1437,0,154,steve_lappas
2000,1438,0,154,pete_gillen
2000,1439,0,154,ricky_stokes
2000,1440,0,154,bart_bellairs
2000,1441,0,154,phil_hopkins
2000,1442,0,154,jim_kerwin
2000,1443,0,154,dennis_felton
2000,1444,0,154,bob_donewald
2000,1447,0,154,dereck_whittenburg
2000,1448,0,154,dave_odom
2000,1449,0,154,bob_bender
2000,1450,0,154,paul_graham
2000,1451,0,154,joe_cravens
2000,1452,0,154,gale_catlett
2000,1453,0,154,mike_heideman
2000,1454,0,154,bo_ryan
2000,1455,0,154,randy_smithson
2000,1456,0,154,charles_woollum
2000,1457,0,154,gregg_marshall
2000,1458,0,154,dick_bennett
2000,1459,0,154,richard_johnson
2000,1460,0,154,ed_schilling
2000,1461,0,154,steve_mcclain
2000,1462,0,154,skip_prosser
2000,1463,0,154,james_jones
2000,1464,0,154,john_robic
2001,1102,0,154,joe_scott
2001,1103,0,154,dan_hipsher
2001,1104,0,154,mark_gottfried
2001,1105,0,154,vann_pettaway
2001,1106,0,154,rob_spivery
2001,1107,0,154,scott_beeten
2001,1108,0,154,davey_whitney
2001,1110,0,154,jeff_a_jones
2001,1111,0,154,houston_fancher
2001,1112,0,59,lute_olson
2001,1112,60,76,jim_rosborough
2001,1112,77,154,lute_olson
2001,1113,0,154,rob_evans
2001,1114,0,154,porter_moser
2001,1115,0,154,harold_blevins
2001,1116,0,154,nolan_richardson_jr
2001,1117,0,154,dickey_nutt
2001,1119,0,154,pat_harris
2001,1120,0,154,cliff_ellis
2001,1122,0,154,dave_loos
2001,1123,0,154,tim_buckley
2001,1124,0,154,dave_bliss
2001,1125,0,154,rick_byrd
2001,1126,0,154,horace_broadnax
2001,1129,0,154,rod_jensen
2001,1130,0,154,al_skinner
2001,1131,0,154,dennis_wolff
2001,1132,0,154,dan_dakich
2001,1133,0,154,jim_molinari
2001,1135,0,154,glen_miller
2001,1137,0,154,pat_flannery
2001,1138,0,154,reggie_witherspoon
2001,1139,0,154,thad_matta
2001,1140,0,154,steve_cleveland
2001,1141,0,154,jay_smith
2001,1142,0,72,jeff_schneider
2001,1142,73,154,kevin_bromley
2001,1143,0,154,ben_braun
2001,1144,0,154,billy_lee
2001,1145,0,154,mike_macdonald
2001,1147,0,154,kevin_johnson
2001,1148,0,154,howie_dickenman
2001,1149,0,154,jim_platt
2001,1150,0,154,bobby_lutz
2001,1151,0,154,henry_dickerson
2001,1152,0,154,bo_ellis
2001,1153,0,154,bob_huggins
2001,1154,0,154,pat_dennis
2001,1155,0,154,larry_shyatt
2001,1156,0,154,rollie_massimino
2001,1157,0,154,pete_strickland
2001,1158,0,154,john_kresse
2001,1159,0,154,emmett_davis
2001,1160,0,154,ricardo_patton
2001,1161,0,154,dale_layer
2001,1162,0,154,armond_hill
2001,1163,0,154,jim_calhoun
2001,1164,0,154,fang_mitchell
2001,1165,0,154,steve_donahue
2001,1166,0,154,dana_altman
2001,1168,0,154,donny_daniels
2001,1169,0,154,bobby_braswell
2001,1170,0,154,jerome_jenkins
2001,1171,0,154,dave_faucher
2001,1172,0,154,bob_mckillop
2001,1173,0,154,oliver_purnell
2001,1174,0,154,david_henderson
2001,1175,0,154,greg_jackson
2001,1176,0,154,marty_fletcher
2001,1177,0,154,pat_kennedy
2001,1178,0,154,perry_watson
2001,1179,0,154,kurt_kanaskie
2001,1180,0,154,steve_seymour
2001,1181,0,154,mike_krzyzewski
2001,1182,0,154,darelle_porter
2001,1183,0,154,rick_samuels
2001,1184,0,154,travis_ford
2001,1185,0,154,jim_boone
2001,1186,0,154,ray_giacoletti
2001,1187,0,154,bill_herrion
2001,1189,0,154,mark_simons
2001,1190,0,154,ed_dechellis
2001,1191,0,154,jim_crews
2001,1192,0,154,tom_green
2001,1193,0,154,tim_o'toole
2001,1194,0,154,sidney_green
2001,1196,0,154,billy_donovan
2001,1197,0,154,mickey_clayton
2001,1198,0,154,donnie_marsh
2001,1199,0,154,steve_robinson
2001,1200,0,154,bob_hill
2001,1201,0,154,jerry_tarkanian
2001,1202,0,154,larry_davis
2001,1203,0,154,thomas_penders
2001,1204,0,154,jeff_price
2001,1206,0,154,jim_larranaga
2001,1207,0,154,craig_esherick
2001,1208,0,154,jim_harrick
2001,1209,0,154,lefty_driesell
2001,1210,0,154,paul_hewitt
2001,1211,0,154,mark_few
2001,1212,0,154,larry_wright
2001,1214,0,154,steve_merfeld
2001,1216,0,154,larry_harrison
2001,1217,0,154,frank_sullivan
2001,1218,0,154,riley_wallace
2001,1219,0,154,jerry_steele
2001,1220,0,154,jay_wright
2001,1221,0,154,ralph_willard
2001,1222,0,154,ray_mccallum
2001,1224,0,154,frankie_allen
2001,1225,0,154,david_farrar
2001,1226,0,154,doug_oliver
2001,1227,0,154,jimmy_collins
2001,1228,0,154,bill_self
2001,1229,0,154,tom_richardson
2001,1231,0,154,mike_davis
2001,1232,0,154,royce_waltman
2001,1233,0,154,jeff_ruland
2001,1234,0,154,steve_alford
2001,1235,0,154,larry_eustachy
2001,1237,0,154,ron_hunter
2001,1238,0,154,andy_stoglin
2001,1239,0,154,hugh_durham
2001,1240,0,154,mike_laplante
2001,1241,0,154,sherman_dillard
2001,1242,0,154,roy_williams
2001,1243,0,154,jim_wooldridge
2001,1245,0,154,gary_waters
2001,1246,0,154,tubby_smith
2001,1247,0,154,speedy_morris
2001,1248,0,154,fran_o'hanlon
2001,1249,0,154,mike_deane
2001,1250,0,154,sal_mentesana
2001,1251,0,154,mel_hankinson
2001,1253,0,154,wayne_morgan
2001,1254,0,154,ray_martin
2001,1256,0,154,keith_richard
2001,1257,0,154,denny_crum
2001,1258,0,154,steve_aggers
2001,1259,0,154,scott_hicks
2001,1260,0,154,larry_farmer
2001,1261,0,154,john_brady
2001,1263,0,154,john_giannini
2001,1264,0,154,bobby_gonzalez
2001,1265,0,154,dave_magarity
2001,1266,0,154,tom_crean
2001,1267,0,154,greg_white
2001,1268,0,154,gary_williams
2001,1269,0,154,bruiser_flint
2001,1270,0,154,ron_everhart
2001,1271,0,154,thomas_trotter
2001,1272,0,154,john_calipari
2001,1273,0,154,mark_slonaker
2001,1274,0,154,perry_clark
2001,1275,0,154,charlie_coles
2001,1276,0,154,brian_ellerbe
2001,1277,0,154,tom_izzo
2001,1278,0,154,dan_monson
2001,1279,0,154,rod_barnes
2001,1280,0,154,rick_stansbury
2001,1281,0,154,quin_snyder
2001,1282,0,154,dean_demopoukos
2001,1283,0,154,barry_hinson
2001,1284,0,154,dave_calloway
2001,1285,0,154,don_holst
2001,1286,0,154,mick_durham
2001,1287,0,154,kyle_macy
2001,1288,0,154,chris_fuller
2001,1290,0,154,lafayette_stribling
2001,1291,0,154,jim_phelan
2001,1292,0,154,randy_wiel
2001,1293,0,154,tevester_anderson
2001,1296,0,36,brian_hammel
2001,1296,37,154,andrew_greer
2001,1298,0,154,don_devoe
2001,1299,0,154,curtis_hunter
2001,1301,0,154,herb_sendek
2001,1304,0,154,barry_collier
2001,1305,0,154,trent_johnson
2001,1306,0,154,phil_rowe
2001,1307,0,154,fran_fraschilla
2001,1308,0,154,lou_henson
2001,1309,0,154,joey_stiebing
2001,1310,0,154,joe_mihalich
2001,1311,0,154,rickey_broussard
2001,1313,0,154,wil_jones
2001,1314,0,154,matt_doherty
2001,1317,0,154,vic_trilli
2001,1318,0,154,rudy_keeling
2001,1319,0,154,mike_adras
2001,1320,0,154,sam_weaver
2001,1321,0,154,bill_carmody
2001,1322,0,154,mike_mcconathy
2001,1323,0,154,mike_brey
2001,1324,0,154,greg_kampe
2001,1325,0,154,larry_hunter
2001,1326,0,154,jim_j_o'brien
2001,1328,0,154,kelvin_sampson
2001,1329,0,154,eddie_sutton
2001,1330,0,154,jeff_capel
2001,1331,0,154,scott_sutton
2001,1332,0,154,ernie_kent
2001,1333,0,154,ritchie_mckay
2001,1334,0,154,bob_thomason
2001,1335,0,154,fran_dunphy
2001,1336,0,154,jerry_dunn
2001,1337,0,154,jan_van_breda_kolff
2001,1338,0,154,ben_howland
2001,1339,0,154,rob_chavez
2001,1340,0,154,joel_sobotka
2001,1341,0,154,elwood_plummer
2001,1343,0,154,john_thompson_iii
2001,1344,0,154,tim_welsh
2001,1345,0,154,gene_keady
2001,1346,0,154,joe_desantis
2001,1347,0,154,ron_bradley
2001,1348,0,154,jerry_degregorio
2001,1349,0,154,willis_wilson
2001,1350,0,154,john_beilein
2001,1351,0,154,don_harnum
2001,1352,0,154,danny_nee
2001,1353,0,154,kevin_bannon
2001,1354,0,154,cy_alexander
2001,1356,0,154,bruce_weber
2001,1357,0,154,dave_bike
2001,1358,0,154,bob_marlin
2001,1359,0,154,jimmy_tillette
2001,1360,0,154,brad_holland
2001,1361,0,154,steve_fisher
2001,1362,0,154,philip_mathews
2001,1363,0,154,steve_barnes
2001,1364,0,154,bob_williams
2001,1365,0,154,dick_davey
2001,1368,0,154,billy_kennedy
2001,1369,0,154,gary_garner
2001,1371,0,154,tommy_amaker
2001,1372,0,154,danny_kaspar
2001,1373,0,154,louis_orr
2001,1374,0,154,mike_dement
2001,1375,0,154,bob_weltlich
2001,1376,0,154,eddie_fogler
2001,1378,0,154,seth_greenberg
2001,1379,0,154,james_green
2001,1380,0,154,tommy_green
2001,1381,0,154,bill_evans
2001,1382,0,154,jim_baron
2001,1383,0,154,ron_ganulin
2001,1384,0,154,bobby_jones
2001,1385,0,154,mike_jarvis
2001,1386,0,154,phil_martelli
2001,1387,0,154,lorenzo_romar
2001,1388,0,154,dave_bollwinkel
2001,1389,0,154,bob_leckie
2001,1390,0,154,mike_montgomery
2001,1391,0,154,derek_waugh
2001,1392,0,154,nick_macarchuk
2001,1393,0,154,jim_boeheim
2001,1395,0,154,billy_tubbs
2001,1396,0,154,john_chaney
2001,1397,0,154,jerry_green
2001,1398,0,154,nolan_richardson_iii
2001,1399,0,154,jeff_lebo
2001,1400,0,154,rick_barnes
2001,1401,0,154,melvin_watkins
2001,1402,0,154,dennis_nutt
2001,1403,0,154,james_dickey
2001,1404,0,154,bret_campbell
2001,1405,0,154,stan_joplin
2001,1406,0,154,mike_jaskulski
2001,1407,0,154,don_maestri
2001,1408,0,154,shawn_finney
2001,1409,0,154,buzz_peterson
2001,1410,0,154,bob_hoffman
2001,1411,0,154,robert_moreland
2001,1412,0,154,murry_bartow
2001,1414,0,154,pat_douglass
2001,1416,0,154,kirk_speraw
2001,1417,0,154,steve_lavin
2001,1418,0,154,jessie_evans
2001,1419,0,154,mike_vining
2001,1420,0,154,tom_sullivan
2001,1421,0,154,eddie_biedenbach
2001,1422,0,154,fran_mccaffery
2001,1423,0,154,jerry_wainwright
2001,1424,0,42,bill_bayno
2001,1424,43,154,max_good
2001,1425,0,154,henry_bibby
2001,1426,0,154,eddie_mccarter
2001,1427,0,154,tim_carter
2001,1428,0,20,rick_majerus
2001,1428,21,154,dick_hunsaker
2001,1429,0,154,stew_morrill
2001,1431,0,154,jason_rabedeaux
2001,1433,0,154,mack_mccarthy
2001,1434,0,154,homer_drew
2001,1435,0,154,kevin_stallings
2001,1436,0,154,tom_brennan
2001,1437,0,154,steve_lappas
2001,1438,0,154,pete_gillen
2001,1439,0,154,ricky_stokes
2001,1440,0,154,bart_bellairs
2001,1441,0,154,steve_shurina
2001,1442,0,154,jim_kerwin
2001,1443,0,154,dennis_felton
2001,1444,0,154,robert_mccullum
2001,1447,0,154,dereck_whittenburg
2001,1448,0,154,dave_odom
2001,1449,0,154,bob_bender
2001,1450,0,154,paul_graham
2001,1451,0,154,joe_cravens
2001,1452,0,154,gale_catlett
2001,1453,0,154,mike_heideman
2001,1454,0,154,bo_ryan
2001,1455,0,154,mark_turgeon
2001,1456,0,154,rick_boyages
2001,1457,0,154,gregg_marshall
2001,1458,0,30,dick_bennett
2001,1458,31,154,brad_soderberg
2001,1459,0,154,richard_johnson
2001,1460,0,154,ed_schilling
2001,1461,0,154,steve_mcclain
2001,1462,0,154,skip_prosser
2001,1463,0,154,james_jones
2001,1464,0,154,john_robic
2002,1102,0,154,joe_scott
2002,1103,0,154,dan_hipsher
2002,1104,0,154,mark_gottfried
2002,1105,0,154,vann_pettaway
2002,1106,0,154,rob_spivery
2002,1107,0,51,scott_beeten
2002,1107,52,154,will_brown
2002,1108,0,154,davey_whitney
2002,1110,0,154,jeff_a_jones
2002,1111,0,154,houston_fancher
2002,1112,0,154,lute_olson
2002,1113,0,154,rob_evans
2002,1114,0,154,porter_moser
2002,1115,0,154,harold_blevins
2002,1116,0,154,nolan_richardson_jr
2002,1117,0,154,dickey_nutt
2002,1119,0,154,pat_harris
2002,1120,0,154,cliff_ellis
2002,1122,0,154,dave_loos
2002,1123,0,154,tim_buckley
2002,1124,0,154,dave_bliss
2002,1125,0,154,rick_byrd
2002,1126,0,92,horace_broadnax
2002,1126,93,154,c_j_reed
2002,1127,0,154,al_walker
2002,1129,0,154,rod_jensen
2002,1130,0,154,al_skinner
2002,1131,0,154,dennis_wolff
2002,1132,0,154,dan_dakich
2002,1133,0,154,jim_molinari
2002,1135,0,154,glen_miller
2002,1137,0,154,pat_flannery
2002,1138,0,154,reggie_witherspoon
2002,1139,0,154,todd_lickliter
2002,1140,0,154,steve_cleveland
2002,1141,0,154,jay_smith
2002,1142,0,154,kevin_bromley
2002,1143,0,154,ben_braun
2002,1144,0,154,billy_lee
2002,1145,0,154,mike_macdonald
2002,1147,0,154,kevin_johnson
2002,1148,0,154,howie_dickenman
2002,1149,0,154,jim_platt
2002,1150,0,154,bobby_lutz
2002,1151,0,154,henry_dickerson
2002,1152,0,154,bo_ellis
2002,1153,0,154,bob_huggins
2002,1154,0,154,pat_dennis
2002,1155,0,154,larry_shyatt
2002,1156,0,154,rollie_massimino
2002,1157,0,154,pete_strickland
2002,1158,0,154,john_kresse
2002,1159,0,154,emmett_davis
2002,1160,0,154,ricardo_patton
2002,1161,0,154,dale_layer
2002,1162,0,154,armond_hill
2002,1163,0,154,jim_calhoun
2002,1164,0,154,fang_mitchell
2002,1165,0,154,steve_donahue
2002,1166,0,154,dana_altman
2002,1168,0,154,donny_daniels
2002,1169,0,154,bobby_braswell
2002,1170,0,154,jerome_jenkins
2002,1171,0,154,dave_faucher
2002,1172,0,154,bob_mckillop
2002,1173,0,154,oliver_purnell
2002,1174,0,154,david_henderson
2002,1175,0,154,greg_jackson
2002,1176,0,154,terry_carroll
2002,1177,0,154,pat_kennedy
2002,1178,0,154,perry_watson
2002,1179,0,154,kurt_kanaskie
2002,1180,0,154,bruiser_flint
2002,1181,0,154,mike_krzyzewski
2002,1182,0,154,danny_nee
2002,1183,0,154,rick_samuels
2002,1184,0,154,travis_ford
2002,1185,0,154,jim_boone
2002,1186,0,154,ray_giacoletti
2002,1187,0,154,bill_herrion
2002,1189,0,154,mark_simons
2002,1190,0,154,ed_dechellis
2002,1191,0,154,jim_crews
2002,1192,0,154,tom_green
2002,1193,0,154,tim_o'toole
2002,1194,0,154,sidney_green
2002,1196,0,154,billy_donovan
2002,1197,0,154,mike_gillespie
2002,1198,0,154,donnie_marsh
2002,1199,0,154,steve_robinson
2002,1200,0,154,bob_hill
2002,1201,0,154,jerry_tarkanian
2002,1202,0,154,larry_davis
2002,1203,0,154,karl_hobbs
2002,1204,0,154,jeff_price
2002,1206,0,154,jim_larranaga
2002,1207,0,154,craig_esherick
2002,1208,0,154,jim_harrick
2002,1209,0,154,lefty_driesell
2002,1210,0,154,paul_hewitt
2002,1211,0,154,mark_few
2002,1212,0,154,larry_wright
2002,1214,0,154,steve_merfeld
2002,1216,0,154,larry_harrison
2002,1217,0,154,frank_sullivan
2002,1218,0,154,riley_wallace
2002,1219,0,154,jerry_steele
2002,1220,0,154,tom_pecora
2002,1221,0,154,ralph_willard
2002,1222,0,154,ray_mccallum
2002,1224,0,154,frankie_allen
2002,1225,0,154,leonard_perry
2002,1226,0,154,doug_oliver
2002,1227,0,154,jimmy_collins
2002,1228,0,154,bill_self
2002,1229,0,154,tom_richardson
2002,1231,0,154,mike_davis
2002,1232,0,154,royce_waltman
2002,1233,0,154,jeff_ruland
2002,1234,0,154,steve_alford
2002,1235,0,154,larry_eustachy
2002,1237,0,154,ron_hunter
2002,1238,0,154,andy_stoglin
2002,1239,0,154,hugh_durham
2002,1240,0,154,mike_laplante
2002,1241,0,154,sherman_dillard
2002,1242,0,154,roy_williams
2002,1243,0,154,jim_wooldridge
2002,1245,0,154,stan_heath
2002,1246,0,154,tubby_smith
2002,1247,0,154,billy_hahn
2002,1248,0,154,fran_o'hanlon
2002,1249,0,154,mike_deane
2002,1250,0,154,sal_mentesana
2002,1251,0,154,mel_hankinson
2002,1253,0,154,wayne_morgan
2002,1254,0,66,ray_martin
2002,1254,67,154,ron_brown
2002,1256,0,154,keith_richard
2002,1257,0,154,rick_pitino
2002,1258,0,154,steve_aggers
2002,1259,0,154,scott_hicks
2002,1260,0,154,larry_farmer
2002,1261,0,154,john_brady
2002,1263,0,154,john_giannini
2002,1264,0,154,bobby_gonzalez
2002,1265,0,154,dave_magarity
2002,1266,0,154,tom_crean
2002,1267,0,154,greg_white
2002,1268,0,154,gary_williams
2002,1269,0,154,steve_lappas
2002,1270,0,154,tic_price
2002,1271,0,154,thomas_trotter
2002,1272,0,154,john_calipari
2002,1273,0,154,mark_slonaker
2002,1274,0,154,perry_clark
2002,1275,0,154,charlie_coles
2002,1276,0,154,tommy_amaker
2002,1277,0,154,tom_izzo
2002,1278,0,154,dan_monson
2002,1279,0,154,rod_barnes
2002,1280,0,154,rick_stansbury
2002,1281,0,154,quin_snyder
2002,1282,0,154,rich_zvosec
2002,1283,0,154,barry_hinson
2002,1284,0,154,dave_calloway
2002,1285,0,154,don_holst
2002,1286,0,154,mick_durham
2002,1287,0,154,kyle_macy
2002,1288,0,154,butch_beard
2002,1289,0,154,derek_thompson
2002,1290,0,154,lafayette_stribling
2002,1291,0,154,jim_phelan
2002,1292,0,154,randy_wiel
2002,1293,0,154,tevester_anderson
2002,1296,0,154,rob_judson
2002,1298,0,154,don_devoe
2002,1299,0,154,curtis_hunter
2002,1301,0,154,herb_sendek
2002,1304,0,154,barry_collier
2002,1305,0,154,trent_johnson
2002,1306,0,154,phil_rowe
2002,1307,0,154,fran_fraschilla
2002,1308,0,154,lou_henson
2002,1309,0,154,monte_towe
2002,1310,0,154,joe_mihalich
2002,1311,0,154,rickey_broussard
2002,1313,0,154,wil_jones
2002,1314,0,154,matt_doherty
2002,1317,0,154,johnny_jones
2002,1318,0,154,ron_everhart
2002,1319,0,154,mike_adras
2002,1320,0,154,greg_mcdermott
2002,1321,0,154,bill_carmody
2002,1322,0,154,mike_mcconathy
2002,1323,0,154,mike_brey
2002,1324,0,154,greg_kampe
2002,1325,0,154,tim_o'shea
2002,1326,0,154,jim_j_o'brien
2002,1328,0,154,kelvin_sampson
2002,1329,0,154,eddie_sutton
2002,1330,0,154,blaine_taylor
2002,1331,0,154,scott_sutton
2002,1332,0,154,ernie_kent
2002,1333,0,154,ritchie_mckay
2002,1334,0,154,bob_thomason
2002,1335,0,154,fran_dunphy
2002,1336,0,154,jerry_dunn
2002,1337,0,154,paul_westphal
2002,1338,0,154,ben_howland
2002,1339,0,154,michael_holton
2002,1340,0,154,joel_sobotka
2002,1341,0,154,elwood_plummer
2002,1343,0,154,john_thompson_iii
2002,1344,0,154,tim_welsh
2002,1345,0,154,gene_keady
2002,1346,0,154,joe_desantis
2002,1347,0,154,ron_bradley
2002,1348,0,154,jim_baron
2002,1349,0,154,willis_wilson
2002,1350,0,154,john_beilein
2002,1351,0,154,don_harnum
2002,1352,0,154,mark_schmidt
2002,1353,0,154,gary_waters
2002,1354,0,154,cy_alexander
2002,1356,0,154,bruce_weber
2002,1357,0,154,dave_bike
2002,1358,0,154,bob_marlin
2002,1359,0,154,jimmy_tillette
2002,1360,0,154,brad_holland
2002,1361,0,154,steve_fisher
2002,1362,0,154,philip_mathews
2002,1363,0,154,steve_barnes
2002,1364,0,154,bob_williams
2002,1365,0,154,dick_davey
2002,1368,0,154,billy_kennedy
2002,1369,0,154,gary_garner
2002,1371,0,154,louis_orr
2002,1372,0,154,danny_kaspar
2002,1373,0,154,rob_lanier
2002,1374,0,154,mike_dement
2002,1375,0,154,bob_weltlich
2002,1376,0,154,dave_odom
2002,1378,0,154,seth_greenberg
2002,1379,0,154,james_green
2002,1380,0,154,ben_jobe
2002,1381,0,154,bill_evans
2002,1382,0,154,jan_van_breda_kolff
2002,1383,0,154,ron_ganulin
2002,1384,0,154,bobby_jones
2002,1385,0,154,mike_jarvis
2002,1386,0,154,phil_martelli
2002,1387,0,154,lorenzo_romar
2002,1388,0,154,randy_bennett
2002,1389,0,154,bob_leckie
2002,1390,0,154,mike_montgomery
2002,1391,0,154,derek_waugh
2002,1392,0,154,nick_macarchuk
2002,1393,0,154,jim_boeheim
2002,1395,0,154,billy_tubbs
2002,1396,0,154,john_chaney
2002,1397,0,154,buzz_peterson
2002,1398,0,154,nolan_richardson_iii
2002,1399,0,154,jeff_lebo
2002,1400,0,154,rick_barnes
2002,1401,0,154,melvin_watkins
2002,1402,0,154,dennis_nutt
2002,1403,0,154,bob_knight
2002,1404,0,154,bret_campbell
2002,1405,0,154,stan_joplin
2002,1406,0,154,michael_hunt
2002,1407,0,154,don_maestri
2002,1408,0,154,shawn_finney
2002,1409,0,154,john_phillips
2002,1410,0,154,bob_hoffman
2002,1411,0,154,ronnie_courtney
2002,1412,0,154,murry_bartow
2002,1414,0,154,pat_douglass
2002,1415,0,154,john_masi
2002,1416,0,154,kirk_speraw
2002,1417,0,154,steve_lavin
2002,1418,0,154,jessie_evans
2002,1419,0,154,mike_vining
2002,1420,0,154,tom_sullivan
2002,1421,0,154,eddie_biedenbach
2002,1422,0,154,fran_mccaffery
2002,1423,0,154,jerry_wainwright
2002,1424,0,154,charles_spoonhour
2002,1425,0,154,henry_bibby
2002,1426,0,154,eddie_mccarter
2002,1427,0,154,tim_carter
2002,1428,0,154,rick_majerus
2002,1429,0,154,stew_morrill
2002,1431,0,154,jason_rabedeaux
2002,1433,0,154,mack_mccarthy
2002,1434,0,154,homer_drew
2002,1435,0,154,kevin_stallings
2002,1436,0,154,tom_brennan
2002,1437,0,154,jay_wright
2002,1438,0,154,pete_gillen
2002,1439,0,154,ricky_stokes
2002,1440,0,154,bart_bellairs
2002,1441,0,154,steve_shurina
2002,1442,0,154,jim_kerwin
2002,1443,0,154,dennis_felton
2002,1444,0,154,robert_mccullum
2002,1447,0,154,dereck_whittenburg
2002,1448,0,154,skip_prosser
2002,1449,0,154,bob_bender
2002,1450,0,154,paul_graham
2002,1451,0,154,joe_cravens
2002,1452,0,154,gale_catlett
2002,1453,0,154,mike_heideman
2002,1454,0,154,bruce_pearl
2002,1455,0,154,mark_turgeon
2002,1456,0,154,rick_boyages
2002,1457,0,154,gregg_marshall
2002,1458,0,154,bo_ryan
2002,1459,0,154,richard_johnson
2002,1460,0,154,ed_schilling
2002,1461,0,154,steve_mcclain
2002,1462,0,154,thad_matta
2002,1463,0,154,james_jones
2002,1464,0,154,john_robic
2003,1102,0,154,joe_scott
2003,1103,0,154,dan_hipsher
2003,1104,0,154,mark_gottfried
2003,1105,0,154,vann_pettaway
2003,1106,0,154,rob_spivery
2003,1107,0,154,will_brown
2003,1108,0,154,davey_whitney
2003,1110,0,154,jeff_a_jones
2003,1111,0,154,houston_fancher
2003,1112,0,154,lute_olson
2003,1113,0,154,rob_evans
2003,1114,0,154,porter_moser
2003,1115,0,154,van_holt
2003,1116,0,154,stan_heath
2003,1117,0,154,dickey_nutt
2003,1119,0,154,jim_crews
2003,1120,0,154,cliff_ellis
2003,1122,0,154,dave_loos
2003,1123,0,154,tim_buckley
2003,1124,0,154,dave_bliss
2003,1125,0,154,rick_byrd
2003,1126,0,154,c_j_reed
2003,1127,0,154,al_walker
2003,1128,0,154,duane_reboul
2003,1129,0,154,greg_graham
2003,1130,0,154,al_skinner
2003,1131,0,154,dennis_wolff
2003,1132,0,154,dan_dakich
2003,1133,0,154,jim_les
2003,1135,0,154,glen_miller
2003,1137,0,154,pat_flannery
2003,1138,0,154,reggie_witherspoon
2003,1139,0,154,todd_lickliter
2003,1140,0,154,steve_cleveland
2003,1141,0,154,jay_smith
2003,1142,0,154,kevin_bromley
2003,1143,0,154,ben_braun
2003,1144,0,154,billy_lee
2003,1145,0,154,mike_macdonald
2003,1147,0,154,kevin_johnson
2003,1148,0,154,howie_dickenman
2003,1149,0,154,jim_platt
2003,1150,0,154,bobby_lutz
2003,1151,0,154,jeff_lebo
2003,1152,0,78,bo_ellis
2003,1152,79,154,kevin_jones
2003,1153,0,154,bob_huggins
2003,1154,0,154,pat_dennis
2003,1155,0,154,larry_shyatt
2003,1156,0,154,rollie_massimino
2003,1157,0,154,pete_strickland
2003,1158,0,154,tom_herrion
2003,1159,0,154,emmett_davis
2003,1160,0,154,ricardo_patton
2003,1161,0,154,dale_layer
2003,1162,0,154,armond_hill
2003,1163,0,154,jim_calhoun
2003,1164,0,154,fang_mitchell
2003,1165,0,154,steve_donahue
2003,1166,0,154,dana_altman
2003,1168,0,154,donny_daniels
2003,1169,0,154,bobby_braswell
2003,1170,0,154,jerome_jenkins
2003,1171,0,154,dave_faucher
2003,1172,0,154,bob_mckillop
2003,1173,0,154,oliver_purnell
2003,1174,0,154,david_henderson
2003,1175,0,154,greg_jackson
2003,1176,0,154,terry_carroll
2003,1177,0,154,dave_leitao
2003,1178,0,154,perry_watson
2003,1179,0,154,kurt_kanaskie
2003,1180,0,154,bruiser_flint
2003,1181,0,154,mike_krzyzewski
2003,1182,0,154,danny_nee
2003,1183,0,154,rick_samuels
2003,1184,0,154,travis_ford
2003,1185,0,154,jim_boone
2003,1186,0,154,ray_giacoletti
2003,1187,0,154,bill_herrion
2003,1189,0,154,mark_simons
2003,1190,0,154,ed_dechellis
2003,1191,0,154,steve_merfeld
2003,1192,0,154,tom_green
2003,1193,0,154,tim_o'toole
2003,1194,0,154,sidney_green
2003,1196,0,154,billy_donovan
2003,1197,0,154,mike_gillespie
2003,1198,0,154,donnie_marsh
2003,1199,0,154,leonard_hamilton
2003,1200,0,154,bob_hill
2003,1201,0,154,ray_lopes
2003,1202,0,154,larry_davis
2003,1203,0,154,karl_hobbs
2003,1204,0,154,jeff_price
2003,1205,0,154,rick_scruggs
2003,1206,0,154,jim_larranaga
2003,1207,0,154,craig_esherick
2003,1208,0,154,jim_harrick
2003,1209,0,60,lefty_driesell
2003,1209,61,154,michael_perry
2003,1210,0,154,paul_hewitt
2003,1211,0,154,mark_few
2003,1212,0,154,larry_wright
2003,1214,0,154,bobby_collins
2003,1216,0,154,larry_harrison
2003,1217,0,154,frank_sullivan
2003,1218,0,154,riley_wallace
2003,1219,0,154,jerry_steele
2003,1220,0,154,tom_pecora
2003,1221,0,154,ralph_willard
2003,1222,0,154,ray_mccallum
2003,1224,0,154,frankie_allen
2003,1225,0,154,leonard_perry
2003,1226,0,154,doug_oliver
2003,1227,0,154,jimmy_collins
2003,1228,0,154,bill_self
2003,1229,0,154,tom_richardson
2003,1231,0,154,mike_davis
2003,1232,0,154,royce_waltman
2003,1233,0,154,jeff_ruland
2003,1234,0,154,steve_alford
2003,1235,0,154,larry_eustachy
2003,1236,0,154,doug_noll
2003,1237,0,154,ron_hunter
2003,1238,0,154,andy_stoglin
2003,1239,0,154,hugh_durham
2003,1240,0,154,mike_laplante
2003,1241,0,154,sherman_dillard
2003,1242,0,154,roy_williams
2003,1243,0,154,jim_wooldridge
2003,1245,0,154,jim_christian
2003,1246,0,154,tubby_smith
2003,1247,0,154,billy_hahn
2003,1248,0,154,fran_o'hanlon
2003,1249,0,154,mike_deane
2003,1250,0,154,billy_taylor
2003,1251,0,154,randy_dunton
2003,1252,0,154,scott_sanderson
2003,1253,0,154,larry_reynolds
2003,1254,0,154,jim_ferry
2003,1256,0,154,keith_richard
2003,1257,0,154,rick_pitino
2003,1258,0,154,steve_aggers
2003,1259,0,154,scott_hicks
2003,1260,0,154,larry_farmer
2003,1261,0,154,john_brady
2003,1263,0,154,john_giannini
2003,1264,0,154,bobby_gonzalez
2003,1265,0,154,dave_magarity
2003,1266,0,154,tom_crean
2003,1267,0,154,greg_white
2003,1268,0,154,gary_williams
2003,1269,0,154,steve_lappas
2003,1270,0,154,tic_price
2003,1271,0,154,thomas_trotter
2003,1272,0,154,john_calipari
2003,1273,0,154,mark_slonaker
2003,1274,0,154,perry_clark
2003,1275,0,154,charlie_coles
2003,1276,0,154,tommy_amaker
2003,1277,0,154,tom_izzo
2003,1278,0,154,dan_monson
2003,1279,0,154,rod_barnes
2003,1280,0,154,rick_stansbury
2003,1281,0,154,quin_snyder
2003,1282,0,154,rich_zvosec
2003,1283,0,154,barry_hinson
2003,1284,0,154,dave_calloway
2003,1285,0,154,pat_kennedy
2003,1286,0,154,mick_durham
2003,1287,0,154,kyle_macy
2003,1288,0,154,butch_beard
2003,1289,0,154,derek_thompson
2003,1290,0,154,lafayette_stribling
2003,1291,0,154,jim_phelan
2003,1292,0,154,kermit_davis
2003,1293,0,154,tevester_anderson
2003,1296,0,154,rob_judson
2003,1298,0,154,don_devoe
2003,1299,0,154,curtis_hunter
2003,1301,0,154,herb_sendek
2003,1304,0,154,barry_collier
2003,1305,0,154,trent_johnson
2003,1306,0,154,phil_rowe
2003,1307,0,154,ritchie_mckay
2003,1308,0,154,lou_henson
2003,1309,0,154,monte_towe
2003,1310,0,154,joe_mihalich
2003,1311,0,154,ricky_blanton
2003,1313,0,154,dwight_freeman
2003,1314,0,154,matt_doherty
2003,1317,0,154,johnny_jones
2003,1318,0,154,ron_everhart
2003,1319,0,154,mike_adras
2003,1320,0,154,greg_mcdermott
2003,1321,0,154,bill_carmody
2003,1322,0,154,mike_mcconathy
2003,1323,0,154,mike_brey
2003,1324,0,154,greg_kampe
2003,1325,0,154,tim_o'shea
2003,1326,0,154,jim_j_o'brien
2003,1328,0,154,kelvin_sampson
2003,1329,0,154,eddie_sutton
2003,1330,0,154,blaine_taylor
2003,1331,0,154,scott_sutton
2003,1332,0,154,ernie_kent
2003,1333,0,154,jay_john
2003,1334,0,154,bob_thomason
2003,1335,0,154,fran_dunphy
2003,1336,0,154,jerry_dunn
2003,1337,0,154,paul_westphal
2003,1338,0,154,ben_howland
2003,1339,0,154,michael_holton
2003,1340,0,154,heath_schroyer
2003,1341,0,154,jerry_francis
2003,1343,0,154,john_thompson_iii
2003,1344,0,154,tim_welsh
2003,1345,0,154,gene_keady
2003,1346,0,154,joe_desantis
2003,1347,0,154,byron_samuels
2003,1348,0,154,jim_baron
2003,1349,0,154,willis_wilson
2003,1350,0,154,jerry_wainwright
2003,1351,0,154,don_harnum
2003,1352,0,154,mark_schmidt
2003,1353,0,154,gary_waters
2003,1354,0,154,cy_alexander
2003,1356,0,154,bruce_weber
2003,1357,0,154,dave_bike
2003,1358,0,154,bob_marlin
2003,1359,0,154,jimmy_tillette
2003,1360,0,154,brad_holland
2003,1361,0,154,steve_fisher
2003,1362,0,154,philip_mathews
2003,1363,0,154,phil_johnson
2003,1364,0,154,bob_williams
2003,1365,0,154,dick_davey
2003,1366,0,154,ed_daniels
2003,1368,0,154,billy_kennedy
2003,1369,0,154,gary_garner
2003,1371,0,154,louis_orr
2003,1372,0,154,danny_kaspar
2003,1373,0,154,rob_lanier
2003,1374,0,154,mike_dement
2003,1375,0,154,john_pelphrey
2003,1376,0,154,dave_odom
2003,1378,0,154,seth_greenberg
2003,1379,0,154,james_green
2003,1380,0,154,ben_jobe
2003,1381,0,154,bill_evans
2003,1382,0,154,jan_van_breda_kolff
2003,1383,0,154,ron_ganulin
2003,1384,0,154,bobby_jones
2003,1385,0,154,mike_jarvis
2003,1386,0,154,phil_martelli
2003,1387,0,154,brad_soderberg
2003,1388,0,154,randy_bennett
2003,1389,0,154,bob_leckie
2003,1390,0,154,mike_montgomery
2003,1391,0,154,derek_waugh
2003,1392,0,154,nick_macarchuk
2003,1393,0,154,jim_boeheim
2003,1394,0,154,ronnie_arrow
2003,1395,0,154,neil_dougherty
2003,1396,0,154,john_chaney
2003,1397,0,154,buzz_peterson
2003,1398,0,51,nolan_richardson_iii
2003,1398,52,154,hosea_lewis
2003,1399,0,154,mike_sutton
2003,1400,0,154,rick_barnes
2003,1401,0,154,melvin_watkins
2003,1402,0,154,dennis_nutt
2003,1403,0,154,bob_knight
2003,1404,0,154,bret_campbell
2003,1405,0,154,stan_joplin
2003,1406,0,154,michael_hunt
2003,1407,0,154,don_maestri
2003,1408,0,154,shawn_finney
2003,1409,0,154,john_phillips
2003,1410,0,154,bob_hoffman
2003,1411,0,154,ronnie_courtney
2003,1412,0,154,mike_anderson
2003,1414,0,154,pat_douglass
2003,1415,0,154,john_masi
2003,1416,0,154,kirk_speraw
2003,1417,0,154,steve_lavin
2003,1418,0,154,jessie_evans
2003,1419,0,154,mike_vining
2003,1420,0,154,tom_sullivan
2003,1421,0,154,eddie_biedenbach
2003,1422,0,154,fran_mccaffery
2003,1423,0,154,brad_brownell
2003,1424,0,154,charles_spoonhour
2003,1425,0,154,henry_bibby
2003,1426,0,154,eddie_mccarter
2003,1427,0,154,tim_carter
2003,1428,0,154,rick_majerus
2003,1429,0,154,stew_morrill
2003,1431,0,154,billy_gillispie
2003,1433,0,154,jeff_capel
2003,1434,0,154,scott_drew
2003,1435,0,154,kevin_stallings
2003,1436,0,154,tom_brennan
2003,1437,0,154,jay_wright
2003,1438,0,154,pete_gillen
2003,1439,0,154,ricky_stokes
2003,1440,0,154,bart_bellairs
2003,1441,0,154,steve_shurina
2003,1442,0,154,jim_kerwin
2003,1443,0,154,dennis_felton
2003,1444,0,154,robert_mccullum
2003,1447,0,154,dereck_whittenburg
2003,1448,0,154,skip_prosser
2003,1449,0,154,lorenzo_romar
2003,1450,0,154,paul_graham
2003,1451,0,154,joe_cravens
2003,1452,0,154,john_beilein
2003,1453,0,154,tod_kowalczyk
2003,1454,0,154,bruce_pearl
2003,1455,0,154,mark_turgeon
2003,1456,0,154,rick_boyages
2003,1457,0,154,gregg_marshall
2003,1458,0,154,bo_ryan
2003,1459,0,154,mike_young
2003,1460,0,154,ed_schilling
2003,1461,0,154,steve_mcclain
2003,1462,0,154,thad_matta
2003,1463,0,154,james_jones
2003,1464,0,154,john_robic
2004,1102,0,154,joe_scott
2004,1103,0,154,dan_hipsher
2004,1104,0,154,mark_gottfried
2004,1105,0,154,vann_pettaway
2004,1106,0,154,rob_spivery
2004,1107,0,154,will_brown
2004,1108,0,154,samuel_west
2004,1110,0,154,jeff_a_jones
2004,1111,0,154,houston_fancher
2004,1112,0,154,lute_olson
2004,1113,0,154,rob_evans
2004,1114,0,154,steve_shields
2004,1115,0,154,van_holt
2004,1116,0,154,stan_heath
2004,1117,0,154,dickey_nutt
2004,1119,0,154,jim_crews
2004,1120,0,154,cliff_ellis
2004,1122,0,154,dave_loos
2004,1123,0,154,tim_buckley
2004,1124,0,154,scott_drew
2004,1125,0,154,rick_byrd
2004,1126,0,154,c_j_reed
2004,1127,0,154,al_walker
2004,1128,0,154,duane_reboul
2004,1129,0,154,greg_graham
2004,1130,0,154,al_skinner
2004,1131,0,154,dennis_wolff
2004,1132,0,154,dan_dakich
2004,1133,0,154,jim_les
2004,1135,0,154,glen_miller
2004,1137,0,154,pat_flannery
2004,1138,0,154,reggie_witherspoon
2004,1139,0,154,todd_lickliter
2004,1140,0,154,steve_cleveland
2004,1141,0,154,jay_smith
2004,1142,0,154,kevin_bromley
2004,1143,0,154,ben_braun
2004,1144,0,154,robbie_laing
2004,1145,0,154,mike_macdonald
2004,1147,0,154,kevin_johnson
2004,1148,0,154,howie_dickenman
2004,1149,0,154,jim_platt
2004,1150,0,154,bobby_lutz
2004,1151,0,154,jeff_lebo
2004,1152,0,154,kevin_jones
2004,1153,0,154,bob_huggins
2004,1154,0,154,pat_dennis
2004,1155,0,154,oliver_purnell
2004,1156,0,154,mike_garland
2004,1157,0,154,pete_strickland
2004,1158,0,154,tom_herrion
2004,1159,0,154,emmett_davis
2004,1160,0,154,ricardo_patton
2004,1161,0,154,dale_layer
2004,1162,0,154,joe_jones
2004,1163,0,154,jim_calhoun
2004,1164,0,154,fang_mitchell
2004,1165,0,154,steve_donahue
2004,1166,0,154,dana_altman
2004,1168,0,154,bob_burton
2004,1169,0,154,bobby_braswell
2004,1170,0,154,jerome_jenkins
2004,1171,0,154,dave_faucher
2004,1172,0,154,bob_mckillop
2004,1173,0,154,brian_gregory
2004,1174,0,154,david_henderson
2004,1175,0,154,greg_jackson
2004,1176,0,154,terry_carroll
2004,1177,0,154,dave_leitao
2004,1178,0,154,perry_watson
2004,1179,0,154,tom_davis
2004,1180,0,154,bruiser_flint
2004,1181,0,154,mike_krzyzewski
2004,1182,0,154,danny_nee
2004,1183,0,154,rick_samuels
2004,1184,0,154,travis_ford
2004,1185,0,154,jim_boone
2004,1186,0,154,ray_giacoletti
2004,1187,0,154,bill_herrion
2004,1189,0,154,ernie_nestor
2004,1190,0,154,murry_bartow
2004,1191,0,154,steve_merfeld
2004,1192,0,154,tom_green
2004,1193,0,154,tim_o'toole
2004,1194,0,154,sidney_green
2004,1196,0,154,billy_donovan
2004,1197,0,154,mike_gillespie
2004,1198,0,154,donnie_marsh
2004,1199,0,154,leonard_hamilton
2004,1200,0,154,dereck_whittenburg
2004,1201,0,154,ray_lopes
2004,1202,0,154,larry_davis
2004,1203,0,154,karl_hobbs
2004,1204,0,154,jeff_price
2004,1205,0,154,rick_scruggs
2004,1206,0,154,jim_larranaga
2004,1207,0,154,craig_esherick
2004,1208,0,154,dennis_felton
2004,1209,0,154,michael_perry
2004,1210,0,154,paul_hewitt
2004,1211,0,154,mark_few
2004,1212,0,154,larry_wright
2004,1214,0,154,bobby_collins
2004,1216,0,154,larry_harrison
2004,1217,0,154,frank_sullivan
2004,1218,0,154,riley_wallace
2004,1219,0,154,bart_lundy
2004,1220,0,154,tom_pecora
2004,1221,0,154,ralph_willard
2004,1222,0,154,ray_mccallum
2004,1224,0,154,frankie_allen
2004,1225,0,154,leonard_perry
2004,1226,0,154,doug_oliver
2004,1227,0,154,jimmy_collins
2004,1228,0,154,bruce_weber
2004,1229,0,154,porter_moser
2004,1231,0,154,mike_davis
2004,1232,0,154,royce_waltman
2004,1233,0,154,jeff_ruland
2004,1234,0,154,steve_alford
2004,1235,0,154,wayne_morgan
2004,1236,0,154,doug_noll
2004,1237,0,154,ron_hunter
2004,1238,0,154,tevester_anderson
2004,1239,0,154,hugh_durham
2004,1240,0,154,mike_laplante
2004,1241,0,154,sherman_dillard
2004,1242,0,154,bill_self
2004,1243,0,154,jim_wooldridge
2004,1245,0,154,jim_christian
2004,1246,0,154,tubby_smith
2004,1247,0,154,billy_hahn
2004,1248,0,154,fran_o'hanlon
2004,1249,0,154,billy_tubbs
2004,1250,0,154,billy_taylor
2004,1251,0,154,randy_dunton
2004,1252,0,154,scott_sanderson
2004,1253,0,154,larry_reynolds
2004,1254,0,154,jim_ferry
2004,1256,0,154,keith_richard
2004,1257,0,154,rick_pitino
2004,1258,0,154,steve_aggers
2004,1259,0,154,scott_hicks
2004,1260,0,154,larry_farmer
2004,1261,0,154,john_brady
2004,1263,0,154,john_giannini
2004,1264,0,154,bobby_gonzalez
2004,1265,0,154,dave_magarity
2004,1266,0,154,tom_crean
2004,1267,0,154,ron_jirsa
2004,1268,0,154,gary_williams
2004,1269,0,154,steve_lappas
2004,1270,0,154,tic_price
2004,1271,0,154,thomas_trotter
2004,1272,0,154,john_calipari
2004,1273,0,154,mark_slonaker
2004,1274,0,154,perry_clark
2004,1275,0,154,charlie_coles
2004,1276,0,154,tommy_amaker
2004,1277,0,154,tom_izzo
2004,1278,0,154,dan_monson
2004,1279,0,154,rod_barnes
2004,1280,0,154,rick_stansbury
2004,1281,0,154,quin_snyder
2004,1282,0,154,rich_zvosec
2004,1283,0,154,barry_hinson
2004,1284,0,154,dave_calloway
2004,1285,0,154,pat_kennedy
2004,1286,0,154,mick_durham
2004,1287,0,154,kyle_macy
2004,1288,0,154,butch_beard
2004,1290,0,154,lafayette_stribling
2004,1291,0,154,milan_brown
2004,1292,0,154,kermit_davis
2004,1293,0,154,mick_cronin
2004,1296,0,154,rob_judson
2004,1298,0,154,don_devoe
2004,1299,0,154,jerry_eaves
2004,1301,0,154,herb_sendek
2004,1304,0,154,barry_collier
2004,1305,0,154,trent_johnson
2004,1306,0,154,phil_rowe
2004,1307,0,154,ritchie_mckay
2004,1308,0,154,lou_henson
2004,1309,0,154,monte_towe
2004,1310,0,154,joe_mihalich
2004,1311,0,154,ricky_blanton
2004,1313,0,154,dwight_freeman
2004,1314,0,154,roy_williams
2004,1317,0,154,johnny_jones
2004,1318,0,154,ron_everhart
2004,1319,0,154,mike_adras
2004,1320,0,154,greg_mcdermott
2004,1321,0,154,bill_carmody
2004,1322,0,154,mike_mcconathy
2004,1323,0,154,mike_brey
2004,1324,0,154,greg_kampe
2004,1325,0,154,tim_o'shea
2004,1326,0,154,jim_j_o'brien
2004,1328,0,154,kelvin_sampson
2004,1329,0,154,eddie_sutton
2004,1330,0,154,blaine_taylor
2004,1331,0,154,scott_sutton
2004,1332,0,154,ernie_kent
2004,1333,0,154,jay_john
2004,1334,0,154,bob_thomason
2004,1335,0,154,fran_dunphy
2004,1336,0,154,ed_dechellis
2004,1337,0,154,paul_westphal
2004,1338,0,154,jamie_dixon
2004,1339,0,154,michael_holton
2004,1340,0,154,heath_schroyer
2004,1341,0,154,jerry_francis
2004,1343,0,154,john_thompson_iii
2004,1344,0,154,tim_welsh
2004,1345,0,154,gene_keady
2004,1346,0,154,joe_desantis
2004,1347,0,154,byron_samuels
2004,1348,0,154,jim_baron
2004,1349,0,154,willis_wilson
2004,1350,0,154,jerry_wainwright
2004,1351,0,154,don_harnum
2004,1352,0,154,mark_schmidt
2004,1353,0,154,gary_waters
2004,1354,0,154,ben_betts
2004,1356,0,154,matt_painter
2004,1357,0,154,dave_bike
2004,1358,0,154,bob_marlin
2004,1359,0,154,jimmy_tillette
2004,1360,0,154,brad_holland
2004,1361,0,154,steve_fisher
2004,1362,0,154,philip_mathews
2004,1363,0,154,phil_johnson
2004,1364,0,154,bob_williams
2004,1365,0,154,dick_davey
2004,1366,0,154,ed_daniels
2004,1368,0,154,billy_kennedy
2004,1369,0,154,gary_garner
2004,1371,0,154,louis_orr
2004,1372,0,154,danny_kaspar
2004,1373,0,154,rob_lanier
2004,1374,0,154,mike_dement
2004,1375,0,154,john_pelphrey
2004,1376,0,154,dave_odom
2004,1378,0,154,robert_mccullum
2004,1379,0,154,james_green
2004,1380,0,154,michael_grant
2004,1381,0,154,bill_evans
2004,1382,0,154,anthony_solomon
2004,1383,0,154,ron_ganulin
2004,1384,0,154,bobby_jones
2004,1385,0,45,mike_jarvis
2004,1385,46,154,kevin_clark
2004,1386,0,154,phil_martelli
2004,1387,0,154,brad_soderberg
2004,1388,0,154,randy_bennett
2004,1389,0,154,bob_leckie
2004,1390,0,154,mike_montgomery
2004,1391,0,154,derek_waugh
2004,1392,0,154,nick_macarchuk
2004,1393,0,154,jim_boeheim
2004,1394,0,154,ronnie_arrow
2004,1395,0,154,neil_dougherty
2004,1396,0,154,john_chaney
2004,1397,0,154,buzz_peterson
2004,1398,0,154,cy_alexander
2004,1399,0,154,mike_sutton
2004,1400,0,154,rick_barnes
2004,1401,0,154,melvin_watkins
2004,1402,0,154,dennis_nutt
2004,1403,0,154,bob_knight
2004,1404,0,154,bret_campbell
2004,1405,0,154,stan_joplin
2004,1406,0,154,michael_hunt
2004,1407,0,154,don_maestri
2004,1408,0,154,shawn_finney
2004,1409,0,154,john_phillips
2004,1410,0,154,bob_hoffman
2004,1411,0,154,ronnie_courtney
2004,1412,0,154,mike_anderson
2004,1414,0,154,pat_douglass
2004,1415,0,154,john_masi
2004,1416,0,154,kirk_speraw
2004,1417,0,154,ben_howland
2004,1418,0,154,jessie_evans
2004,1419,0,154,mike_vining
2004,1420,0,154,tom_sullivan
2004,1421,0,154,eddie_biedenbach
2004,1422,0,154,fran_mccaffery
2004,1423,0,154,brad_brownell
2004,1424,0,105,charles_spoonhour
2004,1424,106,154,jay_spoonhour
2004,1425,0,154,henry_bibby
2004,1426,0,154,eddie_mccarter
2004,1427,0,154,tim_carter
2004,1428,0,85,rick_majerus
2004,1428,86,154,kerry_rupp
2004,1429,0,154,stew_morrill
2004,1431,0,154,billy_gillispie
2004,1433,0,154,jeff_capel
2004,1434,0,154,homer_drew
2004,1435,0,154,kevin_stallings
2004,1436,0,154,tom_brennan
2004,1437,0,154,jay_wright
2004,1438,0,154,pete_gillen
2004,1439,0,154,seth_greenberg
2004,1440,0,154,bart_bellairs
2004,1441,0,154,steve_shurina
2004,1442,0,154,derek_thomas
2004,1443,0,154,darrin_horn
2004,1444,0,154,steve_hawkins
2004,1447,0,154,mike_deane
2004,1448,0,154,skip_prosser
2004,1449,0,154,lorenzo_romar
2004,1450,0,154,dick_bennett
2004,1451,0,154,joe_cravens
2004,1452,0,154,john_beilein
2004,1453,0,154,tod_kowalczyk
2004,1454,0,154,bruce_pearl
2004,1455,0,154,mark_turgeon
2004,1456,0,154,tony_shaver
2004,1457,0,154,gregg_marshall
2004,1458,0,154,bo_ryan
2004,1459,0,154,mike_young
2004,1460,0,154,paul_biancardi
2004,1461,0,154,steve_mcclain
2004,1462,0,154,thad_matta
2004,1463,0,154,james_jones
2004,1464,0,154,john_robic
2005,1102,0,154,chris_mooney
2005,1103,0,154,keith_dambrot
2005,1104,0,154,mark_gottfried
2005,1105,0,154,vann_pettaway
2005,1106,0,154,rob_spivery
2005,1107,0,154,will_brown
2005,1108,0,154,samuel_west
2005,1110,0,154,jeff_a_jones
2005,1111,0,154,houston_fancher
2005,1112,0,154,lute_olson
2005,1113,0,154,rob_evans
2005,1114,0,154,steve_shields
2005,1115,0,154,van_holt
2005,1116,0,154,stan_heath
2005,1117,0,154,dickey_nutt
2005,1119,0,154,jim_crews
2005,1120,0,154,jeff_lebo
2005,1122,0,154,dave_loos
2005,1123,0,154,tim_buckley
2005,1124,0,154,scott_drew
2005,1125,0,154,rick_byrd
2005,1126,0,154,c_j_reed
2005,1127,0,154,al_walker
2005,1128,0,154,duane_reboul
2005,1129,0,154,greg_graham
2005,1130,0,154,al_skinner
2005,1131,0,154,dennis_wolff
2005,1132,0,154,dan_dakich
2005,1133,0,154,jim_les
2005,1135,0,154,glen_miller
2005,1137,0,154,pat_flannery
2005,1138,0,154,reggie_witherspoon
2005,1139,0,154,todd_lickliter
2005,1140,0,154,steve_cleveland
2005,1141,0,154,jay_smith
2005,1142,0,154,kevin_bromley
2005,1143,0,154,ben_braun
2005,1144,0,154,robbie_laing
2005,1145,0,154,mike_macdonald
2005,1147,0,154,kevin_johnson
2005,1148,0,154,howie_dickenman
2005,1149,0,154,jim_platt
2005,1150,0,154,bobby_lutz
2005,1151,0,154,john_shulman
2005,1152,0,154,kevin_jones
2005,1153,0,154,bob_huggins
2005,1154,0,154,pat_dennis
2005,1155,0,154,oliver_purnell
2005,1156,0,154,mike_garland
2005,1157,0,154,pete_strickland
2005,1158,0,154,tom_herrion
2005,1159,0,154,emmett_davis
2005,1160,0,154,ricardo_patton
2005,1161,0,154,dale_layer
2005,1162,0,154,joe_jones
2005,1163,0,154,jim_calhoun
2005,1164,0,154,fang_mitchell
2005,1165,0,154,steve_donahue
2005,1166,0,154,dana_altman
2005,1168,0,154,bob_burton
2005,1169,0,154,bobby_braswell
2005,1170,0,154,jerome_jenkins
2005,1171,0,154,terry_dunn
2005,1172,0,154,bob_mckillop
2005,1173,0,154,brian_gregory
2005,1174,0,154,david_henderson
2005,1175,0,154,greg_jackson
2005,1176,0,154,terry_carroll
2005,1177,0,154,dave_leitao
2005,1178,0,154,perry_watson
2005,1179,0,154,tom_davis
2005,1180,0,154,bruiser_flint
2005,1181,0,154,mike_krzyzewski
2005,1182,0,154,danny_nee
2005,1183,0,154,rick_samuels
2005,1184,0,154,travis_ford
2005,1185,0,154,jim_boone
2005,1186,0,154,mike_burns
2005,1187,0,154,bill_herrion
2005,1189,0,154,ernie_nestor
2005,1190,0,154,murry_bartow
2005,1191,0,154,steve_merfeld
2005,1192,0,154,tom_green
2005,1193,0,154,tim_o'toole
2005,1194,0,154,sidney_green
2005,1196,0,154,billy_donovan
2005,1197,0,154,mike_gillespie
2005,1198,0,154,sergio_rouco
2005,1199,0,154,leonard_hamilton
2005,1200,0,154,dereck_whittenburg
2005,1201,0,154,ray_lopes
2005,1202,0,154,larry_davis
2005,1203,0,154,karl_hobbs
2005,1204,0,154,jeff_price
2005,1205,0,154,rick_scruggs
2005,1206,0,154,jim_larranaga
2005,1207,0,154,john_thompson_iii
2005,1208,0,154,dennis_felton
2005,1209,0,154,michael_perry
2005,1210,0,154,paul_hewitt
2005,1211,0,154,mark_few
2005,1212,0,154,larry_wright
2005,1214,0,154,bobby_collins
2005,1216,0,154,larry_harrison
2005,1217,0,154,frank_sullivan
2005,1218,0,154,riley_wallace
2005,1219,0,154,bart_lundy
2005,1220,0,154,tom_pecora
2005,1221,0,154,ralph_willard
2005,1222,0,154,thomas_penders
2005,1224,0,154,frankie_allen
2005,1225,0,154,leonard_perry
2005,1226,0,154,doug_oliver
2005,1227,0,154,jimmy_collins
2005,1228,0,154,bruce_weber
2005,1229,0,154,porter_moser
2005,1231,0,154,mike_davis
2005,1232,0,154,royce_waltman
2005,1233,0,154,jeff_ruland
2005,1234,0,154,steve_alford
2005,1235,0,154,wayne_morgan
2005,1236,0,72,doug_noll
2005,1236,73,154,joe_pechota
2005,1237,0,154,ron_hunter
2005,1238,0,154,tevester_anderson
2005,1239,0,154,hugh_durham
2005,1240,0,154,mike_laplante
2005,1241,0,154,dean_keener
2005,1242,0,154,bill_self
2005,1243,0,154,jim_wooldridge
2005,1245,0,154,jim_christian
2005,1246,0,154,tubby_smith
2005,1247,0,154,john_giannini
2005,1248,0,154,fran_o'hanlon
2005,1249,0,154,billy_tubbs
2005,1250,0,154,billy_taylor
2005,1251,0,154,randy_dunton
2005,1252,0,154,scott_sanderson
2005,1253,0,154,larry_reynolds
2005,1254,0,154,jim_ferry
2005,1255,0,154,mike_gillian
2005,1256,0,154,keith_richard
2005,1257,0,154,rick_pitino
2005,1258,0,154,steve_aggers
2005,1259,0,154,jimmy_patsos
2005,1260,0,154,jim_whitesell
2005,1261,0,154,john_brady
2005,1263,0,154,ted_woodward
2005,1264,0,154,bobby_gonzalez
2005,1265,0,154,matt_brady
2005,1266,0,154,tom_crean
2005,1267,0,154,ron_jirsa
2005,1268,0,154,gary_williams
2005,1269,0,154,steve_lappas
2005,1270,0,154,tic_price
2005,1271,0,154,lawrence_lesett
2005,1272,0,154,john_calipari
2005,1273,0,154,mark_slonaker
2005,1274,0,154,frank_haith
2005,1275,0,154,charlie_coles
2005,1276,0,154,tommy_amaker
2005,1277,0,154,tom_izzo
2005,1278,0,154,dan_monson
2005,1279,0,154,rod_barnes
2005,1280,0,154,rick_stansbury
2005,1281,0,154,quin_snyder
2005,1282,0,154,rich_zvosec
2005,1283,0,154,barry_hinson
2005,1284,0,154,dave_calloway
2005,1285,0,154,larry_krystkowiak
2005,1286,0,154,mick_durham
2005,1287,0,154,kyle_macy
2005,1288,0,154,butch_beard
2005,1290,0,154,lafayette_stribling
2005,1291,0,154,milan_brown
2005,1292,0,154,kermit_davis
2005,1293,0,154,mick_cronin
2005,1294,0,154,craig_rasmusen
2005,1296,0,154,rob_judson
2005,1298,0,154,billy_lange
2005,1299,0,154,jerry_eaves
2005,1301,0,154,herb_sendek
2005,1304,0,154,barry_collier
2005,1305,0,154,mark_fox
2005,1306,0,154,phil_rowe
2005,1307,0,154,ritchie_mckay
2005,1308,0,154,tony_stubblefield
2005,1309,0,154,monte_towe
2005,1310,0,154,joe_mihalich
2005,1311,0,154,j_p_piper
2005,1313,0,154,dwight_freeman
2005,1314,0,154,roy_williams
2005,1317,0,154,johnny_jones
2005,1318,0,154,ron_everhart
2005,1319,0,154,mike_adras
2005,1320,0,154,greg_mcdermott
2005,1321,0,154,bill_carmody
2005,1322,0,154,mike_mcconathy
2005,1323,0,154,mike_brey
2005,1324,0,154,greg_kampe
2005,1325,0,154,tim_o'shea
2005,1326,0,154,thad_matta
2005,1328,0,154,kelvin_sampson
2005,1329,0,154,eddie_sutton
2005,1330,0,154,blaine_taylor
2005,1331,0,154,scott_sutton
2005,1332,0,154,ernie_kent
2005,1333,0,154,jay_john
2005,1334,0,154,bob_thomason
2005,1335,0,154,fran_dunphy
2005,1336,0,154,ed_dechellis
2005,1337,0,154,paul_westphal
2005,1338,0,154,jamie_dixon
2005,1339,0,154,michael_holton
2005,1340,0,154,heath_schroyer
2005,1341,0,154,jerry_francis
2005,1343,0,154,joe_scott
2005,1344,0,154,tim_welsh
2005,1345,0,154,gene_keady
2005,1346,0,154,joe_desantis
2005,1347,0,154,byron_samuels
2005,1348,0,154,jim_baron
2005,1349,0,154,willis_wilson
2005,1350,0,154,jerry_wainwright
2005,1351,0,154,don_harnum
2005,1352,0,154,mark_schmidt
2005,1353,0,154,gary_waters
2005,1354,0,154,ben_betts
2005,1356,0,154,chris_lowery
2005,1357,0,154,dave_bike
2005,1358,0,154,bob_marlin
2005,1359,0,154,jimmy_tillette
2005,1360,0,154,brad_holland
2005,1361,0,154,steve_fisher
2005,1362,0,154,jessie_evans
2005,1363,0,154,phil_johnson
2005,1364,0,154,bob_williams
2005,1365,0,154,dick_davey
2005,1366,0,154,ed_daniels
2005,1368,0,154,billy_kennedy
2005,1369,0,154,gary_garner
2005,1371,0,154,louis_orr
2005,1372,0,154,danny_kaspar
2005,1373,0,154,rob_lanier
2005,1374,0,154,jimmy_tubbs
2005,1375,0,154,john_pelphrey
2005,1376,0,154,dave_odom
2005,1378,0,154,robert_mccullum
2005,1379,0,154,larry_eustachy
2005,1380,0,154,michael_grant
2005,1381,0,154,bill_evans
2005,1382,0,154,anthony_solomon
2005,1383,0,154,ron_ganulin
2005,1384,0,154,bobby_jones
2005,1385,0,154,norman_roberts
2005,1386,0,154,phil_martelli
2005,1387,0,154,brad_soderberg
2005,1388,0,154,randy_bennett
2005,1389,0,154,bob_leckie
2005,1390,0,154,trent_johnson
2005,1391,0,154,derek_waugh
2005,1392,0,154,nick_macarchuk
2005,1393,0,154,jim_boeheim
2005,1394,0,154,ronnie_arrow
2005,1395,0,154,neil_dougherty
2005,1396,0,154,john_chaney
2005,1397,0,154,buzz_peterson
2005,1398,0,154,cy_alexander
2005,1399,0,154,mike_sutton
2005,1400,0,154,rick_barnes
2005,1401,0,154,billy_gillispie
2005,1402,0,154,dennis_nutt
2005,1403,0,154,bob_knight
2005,1404,0,154,bret_campbell
2005,1405,0,154,stan_joplin
2005,1406,0,154,pat_kennedy
2005,1407,0,154,don_maestri
2005,1408,0,154,shawn_finney
2005,1409,0,53,john_phillips
2005,1409,54,154,pooh_williamson
2005,1410,0,154,robert_davenport
2005,1411,0,154,ronnie_courtney
2005,1412,0,154,mike_anderson
2005,1413,0,154,gary_stewart
2005,1414,0,154,pat_douglass
2005,1415,0,154,john_masi
2005,1416,0,154,kirk_speraw
2005,1417,0,154,ben_howland
2005,1418,0,154,robert_lee
2005,1419,0,154,mike_vining
2005,1420,0,154,randy_monroe
2005,1421,0,154,eddie_biedenbach
2005,1422,0,154,fran_mccaffery
2005,1423,0,154,brad_brownell
2005,1424,0,154,lon_kruger
2005,1425,0,34,henry_bibby
2005,1425,35,154,jim_saia
2005,1426,0,154,eddie_mccarter
2005,1427,0,154,tim_carter
2005,1428,0,154,ray_giacoletti
2005,1429,0,154,stew_morrill
2005,1430,0,154,dick_hunsaker
2005,1431,0,154,doc_sadler
2005,1433,0,154,jeff_capel
2005,1434,0,154,homer_drew
2005,1435,0,154,kevin_stallings
2005,1436,0,154,tom_brennan
2005,1437,0,154,jay_wright
2005,1438,0,154,pete_gillen
2005,1439,0,154,seth_greenberg
2005,1440,0,154,bart_bellairs
2005,1441,0,154,steve_shurina
2005,1442,0,154,derek_thomas
2005,1443,0,154,darrin_horn
2005,1444,0,154,steve_hawkins
2005,1447,0,154,mike_deane
2005,1448,0,154,skip_prosser
2005,1449,0,154,lorenzo_romar
2005,1450,0,154,dick_bennett
2005,1451,0,154,joe_cravens
2005,1452,0,154,john_beilein
2005,1453,0,154,tod_kowalczyk
2005,1454,0,154,bruce_pearl
2005,1455,0,154,mark_turgeon
2005,1456,0,154,tony_shaver
2005,1457,0,154,gregg_marshall
2005,1458,0,154,bo_ryan
2005,1459,0,154,mike_young
2005,1460,0,154,paul_biancardi
2005,1461,0,154,steve_mcclain
2005,1462,0,154,sean_miller
2005,1463,0,154,james_jones
2005,1464,0,154,john_robic
2006,1102,0,154,jeff_bzdelik
2006,1103,0,154,keith_dambrot
2006,1104,0,154,mark_gottfried
2006,1105,0,154,vann_pettaway
2006,1106,0,154,lewis_jackson
2006,1107,0,154,will_brown
2006,1108,0,154,samuel_west
2006,1110,0,154,jeff_a_jones
2006,1111,0,154,houston_fancher
2006,1112,0,154,lute_olson
2006,1113,0,154,rob_evans
2006,1114,0,154,steve_shields
2006,1115,0,154,van_holt
2006,1116,0,154,stan_heath
2006,1117,0,154,dickey_nutt
2006,1119,0,154,jim_crews
2006,1120,0,154,jeff_lebo
2006,1122,0,154,dave_loos
2006,1123,0,154,tim_buckley
2006,1124,0,154,scott_drew
2006,1125,0,154,rick_byrd
2006,1126,0,154,c_j_reed
2006,1127,0,154,al_walker
2006,1128,0,154,duane_reboul
2006,1129,0,154,greg_graham
2006,1130,0,154,al_skinner
2006,1131,0,154,dennis_wolff
2006,1132,0,154,dan_dakich
2006,1133,0,154,jim_les
2006,1135,0,154,glen_miller
2006,1137,0,154,pat_flannery
2006,1138,0,154,reggie_witherspoon
2006,1139,0,154,todd_lickliter
2006,1140,0,154,dave_rose
2006,1141,0,154,jay_smith
2006,1142,0,154,kevin_bromley
2006,1143,0,154,ben_braun
2006,1144,0,154,robbie_laing
2006,1145,0,154,mike_macdonald
2006,1147,0,154,rob_flaska
2006,1148,0,154,howie_dickenman
2006,1149,0,154,barclay_radebaugh
2006,1150,0,154,bobby_lutz
2006,1151,0,154,john_shulman
2006,1152,0,154,kevin_jones
2006,1153,0,154,andy_kennedy
2006,1154,0,154,pat_dennis
2006,1155,0,154,oliver_purnell
2006,1156,0,154,mike_garland
2006,1157,0,154,buzz_peterson
2006,1158,0,154,tom_herrion
2006,1159,0,154,emmett_davis
2006,1160,0,154,ricardo_patton
2006,1161,0,154,dale_layer
2006,1162,0,154,joe_jones
2006,1163,0,154,jim_calhoun
2006,1164,0,154,fang_mitchell
2006,1165,0,154,steve_donahue
2006,1166,0,154,dana_altman
2006,1168,0,154,bob_burton
2006,1169,0,154,bobby_braswell
2006,1170,0,154,jerome_jenkins
2006,1171,0,154,terry_dunn
2006,1172,0,154,bob_mckillop
2006,1173,0,154,brian_gregory
2006,1174,0,154,david_henderson
2006,1175,0,154,greg_jackson
2006,1176,0,154,terry_carroll
2006,1177,0,154,jerry_wainwright
2006,1178,0,154,perry_watson
2006,1179,0,154,tom_davis
2006,1180,0,154,bruiser_flint
2006,1181,0,154,mike_krzyzewski
2006,1182,0,154,danny_nee
2006,1183,0,154,mike_miller
2006,1184,0,154,jeff_neubauer
2006,1185,0,154,charles_ramsey
2006,1186,0,154,mike_burns
2006,1187,0,154,ricky_stokes
2006,1189,0,154,ernie_nestor
2006,1190,0,154,murry_bartow
2006,1191,0,154,steve_merfeld
2006,1192,0,154,tom_green
2006,1193,0,154,tim_o'toole
2006,1194,0,154,matt_doherty
2006,1196,0,154,billy_donovan
2006,1197,0,154,mike_gillespie
2006,1198,0,154,sergio_rouco
2006,1199,0,154,leonard_hamilton
2006,1200,0,154,dereck_whittenburg
2006,1201,0,154,steve_cleveland
2006,1202,0,154,larry_davis
2006,1203,0,154,karl_hobbs
2006,1204,0,154,jeff_price
2006,1205,0,154,rick_scruggs
2006,1206,0,154,jim_larranaga
2006,1207,0,154,john_thompson_iii
2006,1208,0,154,dennis_felton
2006,1209,0,154,michael_perry
2006,1210,0,154,paul_hewitt
2006,1211,0,154,mark_few
2006,1212,0,154,larry_wright
2006,1214,0,154,bobby_collins
2006,1216,0,154,larry_harrison
2006,1217,0,154,frank_sullivan
2006,1218,0,154,riley_wallace
2006,1219,0,154,bart_lundy
2006,1220,0,154,tom_pecora
2006,1221,0,154,ralph_willard
2006,1222,0,154,thomas_penders
2006,1224,0,154,gil_jackson
2006,1225,0,154,leonard_perry
2006,1226,0,154,doug_oliver
2006,1227,0,154,jimmy_collins
2006,1228,0,154,bruce_weber
2006,1229,0,154,porter_moser
2006,1231,0,154,mike_davis
2006,1232,0,154,royce_waltman
2006,1233,0,154,jeff_ruland
2006,1234,0,154,steve_alford
2006,1235,0,154,wayne_morgan
2006,1236,0,154,dane_fife
2006,1237,0,154,ron_hunter
2006,1238,0,154,tevester_anderson
2006,1239,0,154,cliff_warren
2006,1240,0,154,mike_laplante
2006,1241,0,154,dean_keener
2006,1242,0,154,bill_self
2006,1243,0,154,jim_wooldridge
2006,1244,0,154,tony_ingle
2006,1245,0,154,jim_christian
2006,1246,0,154,tubby_smith
2006,1247,0,154,john_giannini
2006,1248,0,154,fran_o'hanlon
2006,1249,0,154,billy_tubbs
2006,1250,0,154,billy_taylor
2006,1251,0,154,randy_dunton
2006,1252,0,154,scott_sanderson
2006,1253,0,154,larry_reynolds
2006,1254,0,154,jim_ferry
2006,1255,0,154,mike_gillian
2006,1256,0,154,keith_richard
2006,1257,0,154,rick_pitino
2006,1258,0,154,rodney_tention
2006,1259,0,154,jimmy_patsos
2006,1260,0,154,jim_whitesell
2006,1261,0,154,john_brady
2006,1263,0,154,ted_woodward
2006,1264,0,154,bobby_gonzalez
2006,1265,0,154,matt_brady
2006,1266,0,154,tom_crean
2006,1267,0,154,ron_jirsa
2006,1268,0,154,gary_williams
2006,1269,0,154,travis_ford
2006,1270,0,154,tic_price
2006,1271,0,154,lawrence_lesett
2006,1272,0,154,john_calipari
2006,1273,0,154,mark_slonaker
2006,1274,0,154,frank_haith
2006,1275,0,154,charlie_coles
2006,1276,0,154,tommy_amaker
2006,1277,0,154,tom_izzo
2006,1278,0,154,dan_monson
2006,1279,0,154,rod_barnes
2006,1280,0,154,rick_stansbury
2006,1281,0,154,quin_snyder
2006,1282,0,154,rich_zvosec
2006,1283,0,154,barry_hinson
2006,1284,0,154,dave_calloway
2006,1285,0,154,larry_krystkowiak
2006,1286,0,154,mick_durham
2006,1287,0,154,kyle_macy
2006,1288,0,154,butch_beard
2006,1290,0,154,james_green
2006,1291,0,154,milan_brown
2006,1292,0,154,kermit_davis
2006,1293,0,154,mick_cronin
2006,1294,0,154,craig_rasmusen
2006,1295,0,154,tim_miles
2006,1296,0,154,rob_judson
2006,1298,0,154,billy_lange
2006,1299,0,154,jerry_eaves
2006,1301,0,154,herb_sendek
2006,1304,0,154,barry_collier
2006,1305,0,154,mark_fox
2006,1306,0,154,bill_herrion
2006,1307,0,154,ritchie_mckay
2006,1308,0,154,reggie_theus
2006,1309,0,154,monte_towe
2006,1310,0,154,joe_mihalich
2006,1311,0,154,j_p_piper
2006,1313,0,154,dwight_freeman
2006,1314,0,154,roy_williams
2006,1316,0,154,matt_kilcullen
2006,1317,0,154,johnny_jones
2006,1318,0,154,ron_everhart
2006,1319,0,154,mike_adras
2006,1320,0,154,greg_mcdermott
2006,1321,0,154,bill_carmody
2006,1322,0,154,mike_mcconathy
2006,1323,0,154,mike_brey
2006,1324,0,154,greg_kampe
2006,1325,0,154,tim_o'shea
2006,1326,0,154,thad_matta
2006,1328,0,154,kelvin_sampson
2006,1329,0,154,eddie_sutton
2006,1330,0,154,blaine_taylor
2006,1331,0,154,scott_sutton
2006,1332,0,154,ernie_kent
2006,1333,0,154,jay_john
2006,1334,0,154,bob_thomason
2006,1335,0,154,fran_dunphy
2006,1336,0,154,ed_dechellis
2006,1337,0,154,paul_westphal
2006,1338,0,154,jamie_dixon
2006,1339,0,154,michael_holton
2006,1340,0,154,ken_bone
2006,1341,0,154,darrell_hawkins
2006,1343,0,154,joe_scott
2006,1344,0,154,tim_welsh
2006,1345,0,154,matt_painter
2006,1346,0,154,joe_desantis
2006,1347,0,154,byron_samuels
2006,1348,0,154,jim_baron
2006,1349,0,154,willis_wilson
2006,1350,0,154,chris_mooney
2006,1351,0,154,tommy_dempsey
2006,1352,0,154,mark_schmidt
2006,1353,0,154,gary_waters
2006,1354,0,154,ben_betts
2006,1355,0,154,scott_nagy
2006,1356,0,154,chris_lowery
2006,1357,0,154,dave_bike
2006,1358,0,154,bob_marlin
2006,1359,0,154,jimmy_tillette
2006,1360,0,154,brad_holland
2006,1361,0,154,steve_fisher
2006,1362,0,154,jessie_evans
2006,1363,0,154,george_nessman
2006,1364,0,154,bob_williams
2006,1365,0,154,dick_davey
2006,1366,0,154,horace_broadnax
2006,1368,0,154,jim_yarbrough
2006,1369,0,154,gary_garner
2006,1371,0,154,louis_orr
2006,1372,0,154,danny_kaspar
2006,1373,0,154,fran_mccaffery
2006,1374,0,154,jimmy_tubbs
2006,1375,0,154,john_pelphrey
2006,1376,0,154,dave_odom
2006,1378,0,154,robert_mccullum
2006,1379,0,154,larry_eustachy
2006,1380,0,154,rob_spivery
2006,1381,0,154,bill_evans
2006,1382,0,154,anthony_solomon
2006,1383,0,154,brian_nash
2006,1384,0,154,bobby_jones
2006,1385,0,154,norman_roberts
2006,1386,0,154,phil_martelli
2006,1387,0,154,brad_soderberg
2006,1388,0,154,randy_bennett
2006,1389,0,154,bob_leckie
2006,1390,0,154,trent_johnson
2006,1391,0,154,derek_waugh
2006,1392,0,154,steve_pikiell
2006,1393,0,154,jim_boeheim
2006,1394,0,154,ronnie_arrow
2006,1395,0,154,neil_dougherty
2006,1396,0,154,john_chaney
2006,1397,0,154,bruce_pearl
2006,1398,0,154,cy_alexander
2006,1399,0,154,mike_sutton
2006,1400,0,154,rick_barnes
2006,1401,0,154,billy_gillispie
2006,1402,0,154,dennis_nutt
2006,1403,0,154,bob_knight
2006,1404,0,154,bret_campbell
2006,1405,0,154,stan_joplin
2006,1406,0,154,pat_kennedy
2006,1407,0,154,don_maestri
2006,1408,0,154,dave_dickerson
2006,1409,0,154,doug_wojcik
2006,1410,0,154,robert_davenport
2006,1411,0,154,ronnie_courtney
2006,1412,0,154,mike_anderson
2006,1413,0,154,gary_stewart
2006,1414,0,154,pat_douglass
2006,1415,0,154,david_spencer
2006,1416,0,154,kirk_speraw
2006,1417,0,154,ben_howland
2006,1418,0,154,robert_lee
2006,1419,0,154,orlando_early
2006,1420,0,154,randy_monroe
2006,1421,0,154,eddie_biedenbach
2006,1422,0,154,mike_dement
2006,1423,0,154,brad_brownell
2006,1424,0,154,lon_kruger
2006,1425,0,154,tim_floyd
2006,1426,0,154,eddie_mccarter
2006,1427,0,154,tim_carter
2006,1428,0,154,ray_giacoletti
2006,1429,0,154,stew_morrill
2006,1430,0,154,dick_hunsaker
2006,1431,0,154,doc_sadler
2006,1433,0,154,jeff_capel
2006,1434,0,154,homer_drew
2006,1435,0,154,kevin_stallings
2006,1436,0,154,mike_lonergan
2006,1437,0,154,jay_wright
2006,1438,0,154,dave_leitao
2006,1439,0,154,seth_greenberg
2006,1440,0,154,duggar_baucom
2006,1441,0,154,larry_hunter
2006,1442,0,154,derek_thomas
2006,1443,0,154,darrin_horn
2006,1444,0,154,steve_hawkins
2006,1447,0,154,mike_deane
2006,1448,0,154,skip_prosser
2006,1449,0,154,lorenzo_romar
2006,1450,0,154,dick_bennett
2006,1451,0,154,joe_cravens
2006,1452,0,154,john_beilein
2006,1453,0,154,tod_kowalczyk
2006,1454,0,154,rob_jeter
2006,1455,0,154,mark_turgeon
2006,1456,0,154,tony_shaver
2006,1457,0,154,gregg_marshall
2006,1458,0,154,bo_ryan
2006,1459,0,154,mike_young
2006,1460,0,154,paul_biancardi
2006,1461,0,154,steve_mcclain
2006,1462,0,154,sean_miller
2006,1463,0,154,james_jones
2006,1464,0,154,jerry_slocum
2007,1102,0,154,jeff_bzdelik
2007,1103,0,154,keith_dambrot
2007,1104,0,154,mark_gottfried
2007,1105,0,154,vann_pettaway
2007,1106,0,154,lewis_jackson
2007,1107,0,154,will_brown
2007,1108,0,154,samuel_west
2007,1110,0,154,jeff_a_jones
2007,1111,0,154,houston_fancher
2007,1112,0,154,lute_olson
2007,1113,0,154,herb_sendek
2007,1114,0,154,steve_shields
2007,1115,0,154,van_holt
2007,1116,0,154,stan_heath
2007,1117,0,154,dickey_nutt
2007,1119,0,154,jim_crews
2007,1120,0,154,jeff_lebo
2007,1122,0,154,dave_loos
2007,1123,0,154,ronny_thompson
2007,1124,0,154,scott_drew
2007,1125,0,154,rick_byrd
2007,1126,0,154,c_j_reed
2007,1127,0,154,al_walker
2007,1129,0,154,greg_graham
2007,1130,0,154,al_skinner
2007,1131,0,154,dennis_wolff
2007,1132,0,154,dan_dakich
2007,1133,0,154,jim_les
2007,1135,0,154,craig_robinson
2007,1137,0,154,pat_flannery
2007,1138,0,154,reggie_witherspoon
2007,1139,0,154,todd_lickliter
2007,1140,0,154,dave_rose
2007,1141,0,154,ernie_zeigler
2007,1142,0,154,kevin_bromley
2007,1143,0,154,ben_braun
2007,1144,0,154,robbie_laing
2007,1145,0,154,tom_parrotta
2007,1146,0,154,rand_chappell
2007,1147,0,154,rob_flaska
2007,1148,0,154,howie_dickenman
2007,1149,0,154,barclay_radebaugh
2007,1150,0,154,bobby_lutz
2007,1151,0,154,john_shulman
2007,1152,0,154,kevin_jones
2007,1153,0,154,mick_cronin
2007,1154,0,154,ed_conroy
2007,1155,0,154,oliver_purnell
2007,1156,0,154,gary_waters
2007,1157,0,154,buzz_peterson
2007,1158,0,154,bobby_cremins
2007,1159,0,154,emmett_davis
2007,1160,0,154,ricardo_patton
2007,1161,0,154,dale_layer
2007,1162,0,154,joe_jones
2007,1163,0,154,jim_calhoun
2007,1164,0,154,fang_mitchell
2007,1165,0,154,steve_donahue
2007,1166,0,154,dana_altman
2007,1168,0,154,bob_burton
2007,1169,0,154,bobby_braswell
2007,1170,0,154,jerome_jenkins
2007,1171,0,154,terry_dunn
2007,1172,0,154,bob_mckillop
2007,1173,0,154,brian_gregory
2007,1174,0,154,monte_ross
2007,1175,0,154,greg_jackson
2007,1176,0,154,terry_carroll
2007,1177,0,154,jerry_wainwright
2007,1178,0,154,perry_watson
2007,1179,0,154,tom_davis
2007,1180,0,154,bruiser_flint
2007,1181,0,154,mike_krzyzewski
2007,1182,0,154,ron_everhart
2007,1183,0,154,mike_miller
2007,1184,0,154,jeff_neubauer
2007,1185,0,154,charles_ramsey
2007,1186,0,154,mike_burns
2007,1187,0,154,ricky_stokes
2007,1189,0,154,ernie_nestor
2007,1190,0,154,murry_bartow
2007,1191,0,154,steve_merfeld
2007,1192,0,154,tom_green
2007,1193,0,154,ed_cooley
2007,1194,0,154,rex_walters
2007,1196,0,154,billy_donovan
2007,1197,0,154,mike_gillespie
2007,1198,0,154,sergio_rouco
2007,1199,0,154,leonard_hamilton
2007,1200,0,154,dereck_whittenburg
2007,1201,0,154,steve_cleveland
2007,1202,0,154,jeff_jackson
2007,1203,0,154,karl_hobbs
2007,1204,0,154,jeff_price
2007,1205,0,154,rick_scruggs
2007,1206,0,154,jim_larranaga
2007,1207,0,154,john_thompson_iii
2007,1208,0,154,dennis_felton
2007,1209,0,154,michael_perry
2007,1210,0,154,paul_hewitt
2007,1211,0,154,mark_few
2007,1212,0,154,larry_wright
2007,1214,0,154,kevin_nickelberry
2007,1216,0,154,dan_leibovitz
2007,1217,0,154,frank_sullivan
2007,1218,0,154,riley_wallace
2007,1219,0,154,bart_lundy
2007,1220,0,154,tom_pecora
2007,1221,0,154,ralph_willard
2007,1222,0,154,thomas_penders
2007,1224,0,154,gil_jackson
2007,1225,0,154,george_pfeifer
2007,1226,0,154,joe_o'brien
2007,1227,0,154,jimmy_collins
2007,1228,0,154,bruce_weber
2007,1229,0,154,porter_moser
2007,1231,0,154,kelvin_sampson
2007,1232,0,154,royce_waltman
2007,1233,0,154,jeff_ruland
2007,1234,0,154,steve_alford
2007,1235,0,154,greg_mcdermott
2007,1236,0,154,dane_fife
2007,1237,0,154,ron_hunter
2007,1238,0,154,tevester_anderson
2007,1239,0,154,cliff_warren
2007,1240,0,154,mike_laplante
2007,1241,0,154,dean_keener
2007,1242,0,154,bill_self
2007,1243,0,154,bob_huggins
2007,1244,0,154,tony_ingle
2007,1245,0,154,jim_christian
2007,1246,0,154,tubby_smith
2007,1247,0,154,john_giannini
2007,1248,0,154,fran_o'hanlon
2007,1249,0,154,steve_roccaforte
2007,1250,0,154,billy_taylor
2007,1251,0,154,randy_dunton
2007,1252,0,154,scott_sanderson
2007,1253,0,154,larry_reynolds
2007,1254,0,154,jim_ferry
2007,1255,0,154,mike_gillian
2007,1256,0,154,keith_richard
2007,1257,0,154,rick_pitino
2007,1258,0,154,rodney_tention
2007,1259,0,154,jimmy_patsos
2007,1260,0,154,jim_whitesell
2007,1261,0,154,john_brady
2007,1263,0,154,ted_woodward
2007,1264,0,154,barry_rohrssen
2007,1265,0,154,matt_brady
2007,1266,0,154,tom_crean
2007,1267,0,154,ron_jirsa
2007,1268,0,154,gary_williams
2007,1269,0,154,travis_ford
2007,1270,0,154,dave_simmons
2007,1271,0,154,lawrence_lesett
2007,1272,0,154,john_calipari
2007,1273,0,154,mark_slonaker
2007,1274,0,154,frank_haith
2007,1275,0,154,charlie_coles
2007,1276,0,154,tommy_amaker
2007,1277,0,154,tom_izzo
2007,1278,0,30,dan_monson
2007,1278,31,154,jim_molinari
2007,1279,0,154,andy_kennedy
2007,1280,0,154,rick_stansbury
2007,1281,0,154,mike_anderson
2007,1282,0,154,rich_zvosec
2007,1283,0,154,barry_hinson
2007,1284,0,154,dave_calloway
2007,1285,0,154,wayne_tinkle
2007,1286,0,154,brad_huse
2007,1287,0,154,donnie_tyndall
2007,1288,0,154,todd_bozeman
2007,1290,0,154,james_green
2007,1291,0,154,milan_brown
2007,1292,0,154,kermit_davis
2007,1293,0,154,billy_kennedy
2007,1294,0,154,tad_boyle
2007,1295,0,154,tim_miles
2007,1296,0,154,rob_judson
2007,1298,0,154,billy_lange
2007,1299,0,154,jerry_eaves
2007,1301,0,154,sidney_lowe
2007,1304,0,154,doc_sadler
2007,1305,0,154,mark_fox
2007,1306,0,154,bill_herrion
2007,1307,0,154,ritchie_mckay
2007,1308,0,154,reggie_theus
2007,1309,0,154,buzz_williams
2007,1310,0,154,joe_mihalich
2007,1311,0,154,j_p_piper
2007,1312,0,154,paul_casciano
2007,1313,0,154,dwight_freeman
2007,1314,0,154,roy_williams
2007,1316,0,154,matt_kilcullen
2007,1317,0,154,johnny_jones
2007,1318,0,154,bill_coen
2007,1319,0,154,mike_adras
2007,1320,0,154,ben_jacobson
2007,1321,0,154,bill_carmody
2007,1322,0,154,mike_mcconathy
2007,1323,0,154,mike_brey
2007,1324,0,154,greg_kampe
2007,1325,0,154,tim_o'shea
2007,1326,0,154,thad_matta
2007,1328,0,154,jeff_capel
2007,1329,0,154,sean_sutton
2007,1330,0,154,blaine_taylor
2007,1331,0,154,scott_sutton
2007,1332,0,154,ernie_kent
2007,1333,0,154,jay_john
2007,1334,0,154,bob_thomason
2007,1335,0,154,glen_miller
2007,1336,0,154,ed_dechellis
2007,1337,0,154,vance_walberg
2007,1338,0,154,jamie_dixon
2007,1339,0,154,eric_reveno
2007,1340,0,154,ken_bone
2007,1341,0,154,byron_rimm
2007,1343,0,154,joe_scott
2007,1344,0,154,tim_welsh
2007,1345,0,154,matt_painter
2007,1346,0,154,joe_desantis
2007,1347,0,154,byron_samuels
2007,1348,0,154,jim_baron
2007,1349,0,154,willis_wilson
2007,1350,0,154,chris_mooney
2007,1351,0,154,tommy_dempsey
2007,1352,0,154,mark_schmidt
2007,1353,0,154,fred_hill
2007,1354,0,154,jamaal_brown
2007,1355,0,154,scott_nagy
2007,1356,0,154,chris_lowery
2007,1357,0,154,dave_bike
2007,1358,0,154,bob_marlin
2007,1359,0,154,jimmy_tillette
2007,1360,0,154,brad_holland
2007,1361,0,154,steve_fisher
2007,1362,0,154,jessie_evans
2007,1363,0,154,george_nessman
2007,1364,0,154,bob_williams
2007,1365,0,154,dick_davey
2007,1366,0,154,horace_broadnax
2007,1368,0,154,jim_yarbrough
2007,1369,0,154,scott_edgar
2007,1371,0,154,bobby_gonzalez
2007,1372,0,154,danny_kaspar
2007,1373,0,154,fran_mccaffery
2007,1374,0,154,matt_doherty
2007,1375,0,154,john_pelphrey
2007,1376,0,154,dave_odom
2007,1378,0,154,robert_mccullum
2007,1379,0,154,larry_eustachy
2007,1380,0,154,rob_spivery
2007,1381,0,154,bill_evans
2007,1382,0,154,anthony_solomon
2007,1383,0,154,brian_nash
2007,1384,0,154,bobby_jones
2007,1385,0,154,norman_roberts
2007,1386,0,154,phil_martelli
2007,1387,0,154,brad_soderberg
2007,1388,0,154,randy_bennett
2007,1389,0,154,john_dunne
2007,1390,0,154,trent_johnson
2007,1391,0,154,derek_waugh
2007,1392,0,154,steve_pikiell
2007,1393,0,154,jim_boeheim
2007,1394,0,154,ronnie_arrow
2007,1395,0,154,neil_dougherty
2007,1396,0,154,fran_dunphy
2007,1397,0,154,bruce_pearl
2007,1398,0,154,cy_alexander
2007,1399,0,154,mike_sutton
2007,1400,0,154,rick_barnes
2007,1401,0,154,billy_gillispie
2007,1402,0,154,doug_davalos
2007,1403,0,154,bob_knight
2007,1404,0,154,bret_campbell
2007,1405,0,154,stan_joplin
2007,1406,0,154,pat_kennedy
2007,1407,0,154,don_maestri
2007,1408,0,154,dave_dickerson
2007,1409,0,154,doug_wojcik
2007,1410,0,154,tom_schuberth
2007,1411,0,154,ronnie_courtney
2007,1412,0,154,mike_davis
2007,1413,0,154,gary_stewart
2007,1414,0,154,pat_douglass
2007,1415,0,154,vonn_webb
2007,1416,0,154,kirk_speraw
2007,1417,0,154,ben_howland
2007,1418,0,154,robert_lee
2007,1419,0,154,orlando_early
2007,1420,0,154,randy_monroe
2007,1421,0,154,eddie_biedenbach
2007,1422,0,154,mike_dement
2007,1423,0,154,benny_moss
2007,1424,0,154,lon_kruger
2007,1425,0,154,tim_floyd
2007,1426,0,154,scott_cross
2007,1427,0,154,brooks_thompson
2007,1428,0,154,ray_giacoletti
2007,1429,0,154,stew_morrill
2007,1430,0,154,dick_hunsaker
2007,1431,0,154,tony_barbee
2007,1433,0,154,anthony_grant
2007,1434,0,154,homer_drew
2007,1435,0,154,kevin_stallings
2007,1436,0,154,mike_lonergan
2007,1437,0,154,jay_wright
2007,1438,0,154,dave_leitao
2007,1439,0,154,seth_greenberg
2007,1440,0,154,duggar_baucom
2007,1441,0,154,larry_hunter
2007,1442,0,154,derek_thomas
2007,1443,0,154,darrin_horn
2007,1444,0,154,steve_hawkins
2007,1445,0,154,bobby_collins
2007,1447,0,154,mike_deane
2007,1448,0,154,skip_prosser
2007,1449,0,154,lorenzo_romar
2007,1450,0,154,tony_bennett
2007,1451,0,154,randy_rahe
2007,1452,0,154,john_beilein
2007,1453,0,154,tod_kowalczyk
2007,1454,0,154,rob_jeter
2007,1455,0,154,mark_turgeon
2007,1456,0,154,tony_shaver
2007,1457,0,154,gregg_marshall
2007,1458,0,154,bo_ryan
2007,1459,0,154,mike_young
2007,1460,0,154,brad_brownell
2007,1461,0,154,steve_mcclain
2007,1462,0,154,sean_miller
2007,1463,0,154,james_jones
2007,1464,0,154,jerry_slocum
2008,1102,0,154,jeff_reynolds
2008,1103,0,154,keith_dambrot
2008,1104,0,154,mark_gottfried
2008,1105,0,154,vann_pettaway
2008,1106,0,154,lewis_jackson
2008,1107,0,154,will_brown
2008,1108,0,154,samuel_west
2008,1110,0,154,jeff_a_jones
2008,1111,0,154,houston_fancher
2008,1112,0,154,kevin_o'neill
2008,1113,0,154,herb_sendek
2008,1114,0,154,steve_shields
2008,1115,0,154,van_holt
2008,1116,0,154,john_pelphrey
2008,1117,0,105,dickey_nutt
2008,1117,106,154,al_grushkin
2008,1119,0,154,jim_crews
2008,1120,0,154,jeff_lebo
2008,1122,0,154,dave_loos
2008,1123,0,154,billy_taylor
2008,1124,0,154,scott_drew
2008,1125,0,154,rick_byrd
2008,1126,0,154,c_j_reed
2008,1127,0,154,kevin_broadus
2008,1129,0,154,greg_graham
2008,1130,0,154,al_skinner
2008,1131,0,154,dennis_wolff
2008,1132,0,154,louis_orr
2008,1133,0,154,jim_les
2008,1135,0,154,craig_robinson
2008,1137,0,154,pat_flannery
2008,1138,0,154,reggie_witherspoon
2008,1139,0,154,brad_stevens
2008,1140,0,154,dave_rose
2008,1141,0,154,ernie_zeigler
2008,1142,0,154,kevin_bromley
2008,1143,0,154,ben_braun
2008,1144,0,154,robbie_laing
2008,1145,0,154,tom_parrotta
2008,1146,0,154,rand_chappell
2008,1147,0,154,rob_flaska
2008,1148,0,154,howie_dickenman
2008,1149,0,154,barclay_radebaugh
2008,1150,0,154,bobby_lutz
2008,1151,0,154,john_shulman
2008,1152,0,154,benjy_taylor
2008,1153,0,154,mick_cronin
2008,1154,0,154,ed_conroy
2008,1155,0,154,oliver_purnell
2008,1156,0,154,gary_waters
2008,1157,0,154,cliff_ellis
2008,1158,0,154,bobby_cremins
2008,1159,0,154,emmett_davis
2008,1160,0,154,jeff_bzdelik
2008,1161,0,154,tim_miles
2008,1162,0,154,joe_jones
2008,1163,0,154,jim_calhoun
2008,1164,0,154,fang_mitchell
2008,1165,0,154,steve_donahue
2008,1166,0,154,dana_altman
2008,1167,0,154,keith_brown
2008,1168,0,154,bob_burton
2008,1169,0,154,bobby_braswell
2008,1170,0,154,jerome_jenkins
2008,1171,0,154,terry_dunn
2008,1172,0,154,bob_mckillop
2008,1173,0,154,brian_gregory
2008,1174,0,154,monte_ross
2008,1175,0,154,greg_jackson
2008,1176,0,154,joe_scott
2008,1177,0,154,jerry_wainwright
2008,1178,0,62,perry_watson
2008,1178,63,154,kevin_mondro
2008,1179,0,154,keno_davis
2008,1180,0,154,bruiser_flint
2008,1181,0,154,mike_krzyzewski
2008,1182,0,154,ron_everhart
2008,1183,0,154,mike_miller
2008,1184,0,154,jeff_neubauer
2008,1185,0,154,charles_ramsey
2008,1186,0,154,kirk_earlywine
2008,1187,0,154,mack_mccarthy
2008,1189,0,154,ernie_nestor
2008,1190,0,154,murry_bartow
2008,1191,0,154,marty_simmons
2008,1192,0,154,tom_green
2008,1193,0,154,ed_cooley
2008,1194,0,154,rex_walters
2008,1195,0,154,dave_balza
2008,1196,0,154,billy_donovan
2008,1197,0,154,eugene_harris
2008,1198,0,154,sergio_rouco
2008,1199,0,154,leonard_hamilton
2008,1200,0,154,dereck_whittenburg
2008,1201,0,154,steve_cleveland
2008,1202,0,154,jeff_jackson
2008,1203,0,154,karl_hobbs
2008,1204,0,154,jeff_price
2008,1205,0,154,rick_scruggs
2008,1206,0,154,jim_larranaga
2008,1207,0,154,john_thompson_iii
2008,1208,0,154,dennis_felton
2008,1209,0,154,rod_barnes
2008,1210,0,154,paul_hewitt
2008,1211,0,154,mark_few
2008,1212,0,154,larry_wright
2008,1214,0,154,kevin_nickelberry
2008,1216,0,154,dan_leibovitz
2008,1217,0,154,tommy_amaker
2008,1218,0,154,bobby_nash
2008,1219,0,154,bart_lundy
2008,1220,0,154,tom_pecora
2008,1221,0,154,ralph_willard
2008,1222,0,154,thomas_penders
2008,1223,0,154,ron_cottrell
2008,1224,0,154,gil_jackson
2008,1225,0,154,george_pfeifer
2008,1226,0,154,joe_o'brien
2008,1227,0,154,jimmy_collins
2008,1228,0,154,bruce_weber
2008,1229,0,154,tim_jankovich
2008,1231,0,108,kelvin_sampson
2008,1231,109,154,dan_dakich
2008,1232,0,154,kevin_mckenna
2008,1233,0,154,kevin_willard
2008,1234,0,154,todd_lickliter
2008,1235,0,154,greg_mcdermott
2008,1236,0,154,dane_fife
2008,1237,0,154,ron_hunter
2008,1238,0,154,tevester_anderson
2008,1239,0,154,cliff_warren
2008,1240,0,154,mike_laplante
2008,1241,0,154,dean_keener
2008,1242,0,154,bill_self
2008,1243,0,154,frank_martin
2008,1244,0,154,tony_ingle
2008,1245,0,154,jim_christian
2008,1246,0,154,billy_gillispie
2008,1247,0,154,john_giannini
2008,1248,0,154,fran_o'hanlon
2008,1249,0,154,steve_roccaforte
2008,1250,0,154,brett_reed
2008,1251,0,154,ritchie_mckay
2008,1252,0,154,scott_sanderson
2008,1253,0,154,dan_monson
2008,1254,0,154,jim_ferry
2008,1255,0,154,mike_gillian
2008,1256,0,154,kerry_rupp
2008,1257,0,154,rick_pitino
2008,1258,0,154,rodney_tention
2008,1259,0,154,jimmy_patsos
2008,1260,0,154,jim_whitesell
2008,1261,0,94,john_brady
2008,1261,95,154,butch_pierre
2008,1263,0,154,ted_woodward
2008,1264,0,154,barry_rohrssen
2008,1265,0,154,matt_brady
2008,1266,0,154,tom_crean
2008,1267,0,154,donnie_jones
2008,1268,0,154,gary_williams
2008,1269,0,154,travis_ford
2008,1270,0,154,dave_simmons
2008,1271,0,154,meredith_smith
2008,1272,0,154,john_calipari
2008,1273,0,154,mark_slonaker
2008,1274,0,154,frank_haith
2008,1275,0,154,charlie_coles
2008,1276,0,154,john_beilein
2008,1277,0,154,tom_izzo
2008,1278,0,154,tubby_smith
2008,1279,0,154,andy_kennedy
2008,1280,0,154,rick_stansbury
2008,1281,0,154,mike_anderson
2008,1282,0,154,matt_brown
2008,1283,0,154,barry_hinson
2008,1284,0,154,dave_calloway
2008,1285,0,154,wayne_tinkle
2008,1286,0,154,brad_huse
2008,1287,0,154,donnie_tyndall
2008,1288,0,154,todd_bozeman
2008,1290,0,154,james_green
2008,1291,0,154,milan_brown
2008,1292,0,154,kermit_davis
2008,1293,0,154,billy_kennedy
2008,1294,0,154,tad_boyle
2008,1295,0,154,saul_phillips
2008,1296,0,154,ricardo_patton
2008,1298,0,154,billy_lange
2008,1299,0,154,jerry_eaves
2008,1300,0,154,henry_dickerson
2008,1301,0,154,sidney_lowe
2008,1304,0,154,doc_sadler
2008,1305,0,154,mark_fox
2008,1306,0,154,bill_herrion
2008,1307,0,154,steve_alford
2008,1308,0,154,marvin_menzies
2008,1309,0,154,joe_pasternack
2008,1310,0,154,joe_mihalich
2008,1311,0,154,j_p_piper
2008,1312,0,154,paul_casciano
2008,1313,0,154,anthony_evans
2008,1314,0,154,roy_williams
2008,1316,0,154,matt_kilcullen
2008,1317,0,154,johnny_jones
2008,1318,0,154,bill_coen
2008,1319,0,154,mike_adras
2008,1320,0,154,ben_jacobson
2008,1321,0,154,bill_carmody
2008,1322,0,154,mike_mcconathy
2008,1323,0,154,mike_brey
2008,1324,0,154,greg_kampe
2008,1325,0,154,tim_o'shea
2008,1326,0,154,thad_matta
2008,1328,0,154,jeff_capel
2008,1329,0,154,sean_sutton
2008,1330,0,154,blaine_taylor
2008,1331,0,154,scott_sutton
2008,1332,0,154,ernie_kent
2008,1333,0,75,jay_john
2008,1333,76,154,kevin_mouton
2008,1334,0,154,bob_thomason
2008,1335,0,154,glen_miller
2008,1336,0,154,ed_dechellis
2008,1337,0,72,vance_walberg
2008,1337,73,154,eric_bridgeland
2008,1338,0,154,jamie_dixon
2008,1339,0,154,eric_reveno
2008,1340,0,154,ken_bone
2008,1341,0,154,byron_rimm
2008,1342,0,154,gregg_nibert
2008,1343,0,154,sydney_johnson
2008,1344,0,154,tim_welsh
2008,1345,0,154,matt_painter
2008,1346,0,154,tom_moore
2008,1347,0,154,brad_greenberg
2008,1348,0,154,jim_baron
2008,1349,0,154,willis_wilson
2008,1350,0,154,chris_mooney
2008,1351,0,154,tommy_dempsey
2008,1352,0,154,mike_rice_jr
2008,1353,0,154,fred_hill
2008,1354,0,154,tim_carter
2008,1355,0,154,scott_nagy
2008,1356,0,154,chris_lowery
2008,1357,0,154,dave_bike
2008,1358,0,154,bob_marlin
2008,1359,0,154,jimmy_tillette
2008,1360,0,154,bill_grier
2008,1361,0,154,steve_fisher
2008,1362,0,50,jessie_evans
2008,1362,51,154,eddie_sutton
2008,1363,0,154,george_nessman
2008,1364,0,154,bob_williams
2008,1365,0,154,kerry_keating
2008,1366,0,154,horace_broadnax
2008,1367,0,154,eddie_payne
2008,1368,0,154,jim_yarbrough
2008,1369,0,154,scott_edgar
2008,1371,0,154,bobby_gonzalez
2008,1372,0,154,danny_kaspar
2008,1373,0,154,fran_mccaffery
2008,1374,0,154,matt_doherty
2008,1375,0,154,ronnie_arrow
2008,1376,0,154,dave_odom
2008,1378,0,154,stan_heath
2008,1379,0,154,larry_eustachy
2008,1380,0,154,rob_spivery
2008,1381,0,154,roger_reid
2008,1382,0,154,mark_schmidt
2008,1383,0,154,brian_nash
2008,1384,0,154,bobby_jones
2008,1385,0,154,norman_roberts
2008,1386,0,154,phil_martelli
2008,1387,0,154,rick_majerus
2008,1388,0,154,randy_bennett
2008,1389,0,154,john_dunne
2008,1390,0,154,trent_johnson
2008,1391,0,154,derek_waugh
2008,1392,0,154,steve_pikiell
2008,1393,0,154,jim_boeheim
2008,1394,0,154,perry_clark
2008,1395,0,154,neil_dougherty
2008,1396,0,154,fran_dunphy
2008,1397,0,154,bruce_pearl
2008,1398,0,154,cy_alexander
2008,1399,0,154,mike_sutton
2008,1400,0,154,rick_barnes
2008,1401,0,154,mark_turgeon
2008,1402,0,154,doug_davalos
2008,1403,0,90,bob_knight
2008,1403,91,154,pat_knight
2008,1404,0,154,bret_campbell
2008,1405,0,154,stan_joplin
2008,1406,0,154,pat_kennedy
2008,1407,0,154,don_maestri
2008,1408,0,154,dave_dickerson
2008,1409,0,154,doug_wojcik
2008,1410,0,154,tom_schuberth
2008,1411,0,154,robert_moreland
2008,1412,0,154,mike_davis
2008,1413,0,154,gary_stewart
2008,1414,0,154,pat_douglass
2008,1415,0,154,jim_wooldridge
2008,1416,0,154,kirk_speraw
2008,1417,0,154,ben_howland
2008,1418,0,154,robert_lee
2008,1419,0,154,orlando_early
2008,1420,0,154,randy_monroe
2008,1421,0,154,eddie_biedenbach
2008,1422,0,154,mike_dement
2008,1423,0,154,benny_moss
2008,1424,0,154,lon_kruger
2008,1425,0,154,tim_floyd
2008,1426,0,154,scott_cross
2008,1427,0,154,brooks_thompson
2008,1428,0,154,jim_boylen
2008,1429,0,154,stew_morrill
2008,1430,0,154,dick_hunsaker
2008,1431,0,154,tony_barbee
2008,1433,0,154,anthony_grant
2008,1434,0,154,homer_drew
2008,1435,0,154,kevin_stallings
2008,1436,0,154,mike_lonergan
2008,1437,0,154,jay_wright
2008,1438,0,154,dave_leitao
2008,1439,0,154,seth_greenberg
2008,1440,0,154,duggar_baucom
2008,1441,0,154,larry_hunter
2008,1442,0,154,derek_thomas
2008,1443,0,154,darrin_horn
2008,1444,0,154,steve_hawkins
2008,1445,0,154,bobby_collins
2008,1447,0,154,mike_deane
2008,1448,0,154,dino_gaudio
2008,1449,0,154,lorenzo_romar
2008,1450,0,154,tony_bennett
2008,1451,0,154,randy_rahe
2008,1452,0,154,bob_huggins
2008,1453,0,154,tod_kowalczyk
2008,1454,0,154,rob_jeter
2008,1455,0,154,gregg_marshall
2008,1456,0,154,tony_shaver
2008,1457,0,154,randy_peele
2008,1458,0,154,bo_ryan
2008,1459,0,154,mike_young
2008,1460,0,154,brad_brownell
2008,1461,0,154,heath_schroyer
2008,1462,0,154,sean_miller
2008,1463,0,154,james_jones
2008,1464,0,154,jerry_slocum
2009,1102,0,154,jeff_reynolds
2009,1103,0,154,keith_dambrot
2009,1104,0,83,mark_gottfried
2009,1104,84,154,philip_pearson
2009,1105,0,154,vann_pettaway
2009,1106,0,154,lewis_jackson
2009,1107,0,154,will_brown
2009,1108,0,154,larry_smith
2009,1110,0,154,jeff_a_jones
2009,1111,0,154,houston_fancher
2009,1112,0,154,russ_pennell
2009,1113,0,154,herb_sendek
2009,1114,0,154,steve_shields
2009,1115,0,154,george_ivory
2009,1116,0,154,john_pelphrey
2009,1117,0,154,john_brady
2009,1119,0,154,jim_crews
2009,1120,0,154,jeff_lebo
2009,1122,0,154,dave_loos
2009,1123,0,154,billy_taylor
2009,1124,0,154,scott_drew
2009,1125,0,154,rick_byrd
2009,1126,0,154,c_j_reed
2009,1127,0,154,kevin_broadus
2009,1129,0,154,greg_graham
2009,1130,0,154,al_skinner
2009,1131,0,154,dennis_wolff
2009,1132,0,154,louis_orr
2009,1133,0,154,jim_les
2009,1135,0,154,jesse_agel
2009,1136,0,154,tim_o'shea
2009,1137,0,154,david_paulsen
2009,1138,0,154,reggie_witherspoon
2009,1139,0,154,brad_stevens
2009,1140,0,154,dave_rose
2009,1141,0,154,ernie_zeigler
2009,1142,0,154,kevin_bromley
2009,1143,0,154,mike_montgomery
2009,1144,0,154,robbie_laing
2009,1145,0,154,tom_parrotta
2009,1146,0,154,rand_chappell
2009,1147,0,154,greg_gary
2009,1148,0,154,howie_dickenman
2009,1149,0,154,barclay_radebaugh
2009,1150,0,154,bobby_lutz
2009,1151,0,154,john_shulman
2009,1152,0,154,benjy_taylor
2009,1153,0,154,mick_cronin
2009,1154,0,154,ed_conroy
2009,1155,0,154,oliver_purnell
2009,1156,0,154,gary_waters
2009,1157,0,154,cliff_ellis
2009,1158,0,154,bobby_cremins
2009,1159,0,154,emmett_davis
2009,1160,0,154,jeff_bzdelik
2009,1161,0,154,tim_miles
2009,1162,0,154,joe_jones
2009,1163,0,154,jim_calhoun
2009,1164,0,154,fang_mitchell
2009,1165,0,154,steve_donahue
2009,1166,0,154,dana_altman
2009,1167,0,154,keith_brown
2009,1168,0,154,bob_burton
2009,1169,0,154,bobby_braswell
2009,1170,0,154,brian_katz
2009,1171,0,154,terry_dunn
2009,1172,0,154,bob_mckillop
2009,1173,0,154,brian_gregory
2009,1174,0,154,monte_ross
2009,1175,0,154,greg_jackson
2009,1176,0,154,joe_scott
2009,1177,0,154,jerry_wainwright
2009,1178,0,154,ray_mccallum
2009,1179,0,154,edward_phelps
2009,1180,0,154,bruiser_flint
2009,1181,0,154,mike_krzyzewski
2009,1182,0,154,ron_everhart
2009,1183,0,154,mike_miller
2009,1184,0,154,jeff_neubauer
2009,1185,0,154,charles_ramsey
2009,1186,0,154,kirk_earlywine
2009,1187,0,154,mack_mccarthy
2009,1188,0,154,lennox_forrester
2009,1189,0,154,ernie_nestor
2009,1190,0,154,murry_bartow
2009,1191,0,154,marty_simmons
2009,1192,0,154,tom_green
2009,1193,0,154,ed_cooley
2009,1194,0,154,mike_jarvis
2009,1195,0,154,dave_balza
2009,1196,0,154,billy_donovan
2009,1197,0,154,eugene_harris
2009,1198,0,154,sergio_rouco
2009,1199,0,154,leonard_hamilton
2009,1200,0,154,dereck_whittenburg
2009,1201,0,154,steve_cleveland
2009,1202,0,154,jeff_jackson
2009,1203,0,154,karl_hobbs
2009,1204,0,154,jeff_price
2009,1205,0,154,rick_scruggs
2009,1206,0,154,jim_larranaga
2009,1207,0,154,john_thompson_iii
2009,1208,0,86,dennis_felton
2009,1208,87,154,pete_herrmann
2009,1209,0,154,rod_barnes
2009,1210,0,154,paul_hewitt
2009,1211,0,154,mark_few
2009,1212,0,154,ricky_duckett
2009,1214,0,154,kevin_nickelberry
2009,1216,0,154,dan_leibovitz
2009,1217,0,154,tommy_amaker
2009,1218,0,154,bobby_nash
2009,1219,0,154,bart_lundy
2009,1220,0,154,tom_pecora
2009,1221,0,154,ralph_willard
2009,1222,0,154,thomas_penders
2009,1223,0,154,ron_cottrell
2009,1224,0,154,gil_jackson
2009,1225,0,154,don_verlin
2009,1226,0,154,joe_o'brien
2009,1227,0,154,jimmy_collins
2009,1228,0,154,bruce_weber
2009,1229,0,154,tim_jankovich
2009,1231,0,154,tom_crean
2009,1232,0,154,kevin_mckenna
2009,1233,0,154,kevin_willard
2009,1234,0,154,todd_lickliter
2009,1235,0,154,greg_mcdermott
2009,1236,0,154,dane_fife
2009,1237,0,154,ron_hunter
2009,1238,0,154,tevester_anderson
2009,1239,0,154,cliff_warren
2009,1240,0,154,james_green
2009,1241,0,154,matt_brady
2009,1242,0,154,bill_self
2009,1243,0,154,frank_martin
2009,1244,0,154,tony_ingle
2009,1245,0,154,geno_ford
2009,1246,0,154,billy_gillispie
2009,1247,0,154,john_giannini
2009,1248,0,154,fran_o'hanlon
2009,1249,0,154,steve_roccaforte
2009,1250,0,154,brett_reed
2009,1251,0,154,ritchie_mckay
2009,1252,0,154,scott_sanderson
2009,1253,0,154,dan_monson
2009,1254,0,154,jim_ferry
2009,1255,0,154,mike_gillian
2009,1256,0,154,kerry_rupp
2009,1257,0,154,rick_pitino
2009,1258,0,69,bill_bayno
2009,1258,70,154,max_good
2009,1259,0,154,jimmy_patsos
2009,1260,0,154,jim_whitesell
2009,1261,0,154,trent_johnson
2009,1263,0,154,ted_woodward
2009,1264,0,154,barry_rohrssen
2009,1265,0,154,chuck_martin
2009,1266,0,154,buzz_williams
2009,1267,0,154,donnie_jones
2009,1268,0,154,gary_williams
2009,1269,0,154,derek_kellogg
2009,1270,0,154,dave_simmons
2009,1271,0,154,frankie_allen
2009,1272,0,154,john_calipari
2009,1273,0,154,bob_hoffman
2009,1274,0,154,frank_haith
2009,1275,0,154,charlie_coles
2009,1276,0,154,john_beilein
2009,1277,0,154,tom_izzo
2009,1278,0,154,tubby_smith
2009,1279,0,154,andy_kennedy
2009,1280,0,154,rick_stansbury
2009,1281,0,154,mike_anderson
2009,1282,0,154,matt_brown
2009,1283,0,154,cuonzo_martin
2009,1284,0,154,dave_calloway
2009,1285,0,154,wayne_tinkle
2009,1286,0,154,brad_huse
2009,1287,0,154,donnie_tyndall
2009,1288,0,154,todd_bozeman
2009,1290,0,154,sean_woods
2009,1291,0,154,milan_brown
2009,1292,0,154,kermit_davis
2009,1293,0,154,billy_kennedy
2009,1294,0,154,tad_boyle
2009,1295,0,154,saul_phillips
2009,1296,0,154,ricardo_patton
2009,1298,0,154,billy_lange
2009,1299,0,154,jerry_eaves
2009,1300,0,154,henry_dickerson
2009,1301,0,154,sidney_lowe
2009,1304,0,154,doc_sadler
2009,1305,0,154,mark_fox
2009,1306,0,154,bill_herrion
2009,1307,0,154,steve_alford
2009,1308,0,154,marvin_menzies
2009,1309,0,154,joe_pasternack
2009,1310,0,154,joe_mihalich
2009,1311,0,154,j_p_piper
2009,1312,0,154,jim_engles
2009,1313,0,154,anthony_evans
2009,1314,0,154,roy_williams
2009,1315,0,154,brian_jones
2009,1316,0,154,matt_kilcullen
2009,1317,0,154,johnny_jones
2009,1318,0,154,bill_coen
2009,1319,0,154,mike_adras
2009,1320,0,154,ben_jacobson
2009,1321,0,154,bill_carmody
2009,1322,0,154,mike_mcconathy
2009,1323,0,154,mike_brey
2009,1324,0,154,greg_kampe
2009,1325,0,154,john_groce
2009,1326,0,154,thad_matta
2009,1328,0,154,jeff_capel
2009,1329,0,154,travis_ford
2009,1330,0,154,blaine_taylor
2009,1331,0,154,scott_sutton
2009,1332,0,154,ernie_kent
2009,1333,0,154,craig_robinson
2009,1334,0,154,bob_thomason
2009,1335,0,154,glen_miller
2009,1336,0,154,ed_dechellis
2009,1337,0,154,tom_asbury
2009,1338,0,154,jamie_dixon
2009,1339,0,154,eric_reveno
2009,1340,0,154,ken_bone
2009,1341,0,154,byron_rimm
2009,1342,0,154,gregg_nibert
2009,1343,0,154,sydney_johnson
2009,1344,0,154,keno_davis
2009,1345,0,154,matt_painter
2009,1346,0,154,tom_moore
2009,1347,0,154,brad_greenberg
2009,1348,0,154,jim_baron
2009,1349,0,154,ben_braun
2009,1350,0,154,chris_mooney
2009,1351,0,154,tommy_dempsey
2009,1352,0,154,mike_rice_jr
2009,1353,0,154,fred_hill
2009,1354,0,154,tim_carter
2009,1355,0,154,scott_nagy
2009,1356,0,154,chris_lowery
2009,1357,0,154,dave_bike
2009,1358,0,154,bob_marlin
2009,1359,0,154,jimmy_tillette
2009,1360,0,154,bill_grier
2009,1361,0,154,steve_fisher
2009,1362,0,154,rex_walters
2009,1363,0,154,george_nessman
2009,1364,0,154,bob_williams
2009,1365,0,154,kerry_keating
2009,1366,0,154,horace_broadnax
2009,1367,0,154,eddie_payne
2009,1368,0,154,jim_yarbrough
2009,1369,0,154,zac_roman
2009,1370,0,154,joe_callero
2009,1371,0,154,bobby_gonzalez
2009,1372,0,154,danny_kaspar
2009,1373,0,154,fran_mccaffery
2009,1374,0,154,matt_doherty
2009,1375,0,154,ronnie_arrow
2009,1376,0,154,darrin_horn
2009,1377,0,154,david_boots
2009,1378,0,154,stan_heath
2009,1379,0,154,larry_eustachy
2009,1380,0,154,rob_spivery
2009,1381,0,154,roger_reid
2009,1382,0,154,mark_schmidt
2009,1383,0,154,brian_nash
2009,1384,0,154,don_friday
2009,1385,0,154,norman_roberts
2009,1386,0,154,phil_martelli
2009,1387,0,154,rick_majerus
2009,1388,0,154,randy_bennett
2009,1389,0,154,john_dunne
2009,1390,0,154,johnny_dawkins
2009,1391,0,154,derek_waugh
2009,1392,0,154,steve_pikiell
2009,1393,0,154,jim_boeheim
2009,1394,0,154,perry_clark
2009,1395,0,154,jim_christian
2009,1396,0,154,fran_dunphy
2009,1397,0,154,bruce_pearl
2009,1398,0,94,cy_alexander
2009,1398,95,154,mark_pittman
2009,1399,0,154,mike_sutton
2009,1400,0,154,rick_barnes
2009,1401,0,154,mark_turgeon
2009,1402,0,154,doug_davalos
2009,1403,0,154,pat_knight
2009,1404,0,154,bret_campbell
2009,1405,0,154,gene_cross
2009,1406,0,154,pat_kennedy
2009,1407,0,154,don_maestri
2009,1408,0,154,dave_dickerson
2009,1409,0,154,doug_wojcik
2009,1410,0,154,tom_schuberth
2009,1411,0,154,tony_harvey
2009,1412,0,154,mike_davis
2009,1413,0,154,gary_stewart
2009,1414,0,154,pat_douglass
2009,1415,0,154,jim_wooldridge
2009,1416,0,154,kirk_speraw
2009,1417,0,154,ben_howland
2009,1418,0,154,robert_lee
2009,1419,0,154,orlando_early
2009,1420,0,154,randy_monroe
2009,1421,0,154,eddie_biedenbach
2009,1422,0,154,mike_dement
2009,1423,0,154,benny_moss
2009,1424,0,154,lon_kruger
2009,1425,0,154,tim_floyd
2009,1426,0,154,scott_cross
2009,1427,0,154,brooks_thompson
2009,1428,0,154,jim_boylen
2009,1429,0,154,stew_morrill
2009,1430,0,154,dick_hunsaker
2009,1431,0,154,tony_barbee
2009,1433,0,154,anthony_grant
2009,1434,0,154,homer_drew
2009,1435,0,154,kevin_stallings
2009,1436,0,154,mike_lonergan
2009,1437,0,154,jay_wright
2009,1438,0,154,dave_leitao
2009,1439,0,154,seth_greenberg
2009,1440,0,154,duggar_baucom
2009,1441,0,154,larry_hunter
2009,1442,0,154,jim_molinari
2009,1443,0,154,ken_mcdonald
2009,1444,0,154,steve_hawkins
2009,1445,0,154,bobby_collins
2009,1447,0,154,mike_deane
2009,1448,0,154,dino_gaudio
2009,1449,0,154,lorenzo_romar
2009,1450,0,154,tony_bennett
2009,1451,0,154,randy_rahe
2009,1452,0,154,bob_huggins
2009,1453,0,154,tod_kowalczyk
2009,1454,0,154,rob_jeter
2009,1455,0,154,gregg_marshall
2009,1456,0,154,tony_shaver
2009,1457,0,154,randy_peele
2009,1458,0,154,bo_ryan
2009,1459,0,154,mike_young
2009,1460,0,154,brad_brownell
2009,1461,0,154,heath_schroyer
2009,1462,0,154,sean_miller
2009,1463,0,154,james_jones
2009,1464,0,154,jerry_slocum
2010,1102,0,154,jeff_reynolds
2010,1103,0,154,keith_dambrot
2010,1104,0,154,anthony_grant
2010,1105,0,154,vann_pettaway
2010,1106,0,154,lewis_jackson
2010,1107,0,154,will_brown
2010,1108,0,154,larry_smith
2010,1110,0,154,jeff_a_jones
2010,1111,0,154,buzz_peterson
2010,1112,0,154,sean_miller
2010,1113,0,154,herb_sendek
2010,1114,0,154,steve_shields
2010,1115,0,154,george_ivory
2010,1116,0,154,john_pelphrey
2010,1117,0,154,john_brady
2010,1119,0,154,zach_spiker
2010,1120,0,154,jeff_lebo
2010,1122,0,154,dave_loos
2010,1123,0,154,billy_taylor
2010,1124,0,154,scott_drew
2010,1125,0,154,rick_byrd
2010,1126,0,154,c_j_reed
2010,1127,0,154,mark_macon
2010,1129,0,154,greg_graham
2010,1130,0,154,al_skinner
2010,1131,0,154,patrick_chambers
2010,1132,0,154,louis_orr
2010,1133,0,154,jim_les
2010,1135,0,154,jesse_agel
2010,1136,0,154,tim_o'shea
2010,1137,0,154,david_paulsen
2010,1138,0,154,reggie_witherspoon
2010,1139,0,154,brad_stevens
2010,1140,0,154,dave_rose
2010,1141,0,154,ernie_zeigler
2010,1142,0,154,joe_callero
2010,1143,0,154,mike_montgomery
2010,1144,0,154,robbie_laing
2010,1145,0,154,tom_parrotta
2010,1146,0,154,rand_chappell
2010,1147,0,154,greg_gary
2010,1148,0,154,howie_dickenman
2010,1149,0,154,barclay_radebaugh
2010,1150,0,154,bobby_lutz
2010,1151,0,154,john_shulman
2010,1152,0,154,benjy_taylor
2010,1153,0,154,mick_cronin
2010,1154,0,154,ed_conroy
2010,1155,0,154,oliver_purnell
2010,1156,0,154,gary_waters
2010,1157,0,154,cliff_ellis
2010,1158,0,154,bobby_cremins
2010,1159,0,154,emmett_davis
2010,1160,0,154,jeff_bzdelik
2010,1161,0,154,tim_miles
2010,1162,0,154,joe_jones
2010,1163,0,154,jim_calhoun
2010,1164,0,154,fang_mitchell
2010,1165,0,154,steve_donahue
2010,1166,0,154,dana_altman
2010,1167,0,154,keith_brown
2010,1168,0,154,bob_burton
2010,1169,0,154,bobby_braswell
2010,1170,0,154,brian_katz
2010,1171,0,66,terry_dunn
2010,1171,67,154,mark_graupe
2010,1172,0,154,bob_mckillop
2010,1173,0,154,brian_gregory
2010,1174,0,154,monte_ross
2010,1175,0,154,greg_jackson
2010,1176,0,154,joe_scott
2010,1177,0,69,jerry_wainwright
2010,1177,70,154,tracy_webster
2010,1178,0,154,ray_mccallum
2010,1179,0,154,edward_phelps
2010,1180,0,154,bruiser_flint
2010,1181,0,154,mike_krzyzewski
2010,1182,0,154,ron_everhart
2010,1183,0,154,mike_miller
2010,1184,0,154,jeff_neubauer
2010,1185,0,154,charles_ramsey
2010,1186,0,154,kirk_earlywine
2010,1187,0,154,mack_mccarthy
2010,1188,0,154,lennox_forrester
2010,1189,0,154,matt_matheny
2010,1190,0,154,murry_bartow
2010,1191,0,154,marty_simmons
2010,1192,0,154,greg_vetrone
2010,1193,0,154,ed_cooley
2010,1194,0,154,mike_jarvis
2010,1195,0,154,dave_balza
2010,1196,0,154,billy_donovan
2010,1197,0,154,eugene_harris
2010,1198,0,154,isiah_thomas
2010,1199,0,154,leonard_hamilton
2010,1200,0,30,dereck_whittenburg
2010,1200,31,154,jared_grasso
2010,1201,0,154,steve_cleveland
2010,1202,0,154,jeff_jackson
2010,1203,0,154,karl_hobbs
2010,1204,0,154,charlton_young
2010,1205,0,154,rick_scruggs
2010,1206,0,154,jim_larranaga
2010,1207,0,154,john_thompson_iii
2010,1208,0,154,mark_fox
2010,1209,0,154,rod_barnes
2010,1210,0,154,paul_hewitt
2010,1211,0,154,mark_few
2010,1212,0,154,robert_washington
2010,1214,0,154,edward_joyner
2010,1216,0,154,dan_leibovitz
2010,1217,0,154,tommy_amaker
2010,1218,0,154,bobby_nash
2010,1219,0,154,scott_cherry
2010,1220,0,154,tom_pecora
2010,1221,0,154,sean_kearney
2010,1222,0,154,thomas_penders
2010,1223,0,154,ron_cottrell
2010,1224,0,154,gil_jackson
2010,1225,0,154,don_verlin
2010,1226,0,154,joe_o'brien
2010,1227,0,154,jimmy_collins
2010,1228,0,154,bruce_weber
2010,1229,0,154,tim_jankovich
2010,1231,0,154,tom_crean
2010,1232,0,154,kevin_mckenna
2010,1233,0,154,kevin_willard
2010,1234,0,154,todd_lickliter
2010,1235,0,154,greg_mcdermott
2010,1236,0,154,dane_fife
2010,1237,0,154,ron_hunter
2010,1238,0,154,tevester_anderson
2010,1239,0,154,cliff_warren
2010,1240,0,154,james_green
2010,1241,0,154,matt_brady
2010,1242,0,154,bill_self
2010,1243,0,154,frank_martin
2010,1244,0,154,tony_ingle
2010,1245,0,154,geno_ford
2010,1246,0,154,john_calipari
2010,1247,0,154,john_giannini
2010,1248,0,154,fran_o'hanlon
2010,1249,0,154,steve_roccaforte
2010,1250,0,154,brett_reed
2010,1251,0,154,dale_layer
2010,1252,0,154,scott_sanderson
2010,1253,0,154,dan_monson
2010,1254,0,154,jim_ferry
2010,1255,0,154,mike_gillian
2010,1256,0,154,kerry_rupp
2010,1257,0,154,rick_pitino
2010,1258,0,154,max_good
2010,1259,0,154,jimmy_patsos
2010,1260,0,154,jim_whitesell
2010,1261,0,154,trent_johnson
2010,1263,0,154,ted_woodward
2010,1264,0,154,barry_rohrssen
2010,1265,0,154,chuck_martin
2010,1266,0,154,buzz_williams
2010,1267,0,154,donnie_jones
2010,1268,0,154,gary_williams
2010,1269,0,154,derek_kellogg
2010,1270,0,154,dave_simmons
2010,1271,0,154,frankie_allen
2010,1272,0,154,josh_pastner
2010,1273,0,154,bob_hoffman
2010,1274,0,154,frank_haith
2010,1275,0,154,charlie_coles
2010,1276,0,154,john_beilein
2010,1277,0,154,tom_izzo
2010,1278,0,154,tubby_smith
2010,1279,0,154,andy_kennedy
2010,1280,0,154,rick_stansbury
2010,1281,0,154,mike_anderson
2010,1282,0,154,matt_brown
2010,1283,0,154,cuonzo_martin
2010,1284,0,154,dave_calloway
2010,1285,0,154,wayne_tinkle
2010,1286,0,154,brad_huse
2010,1287,0,154,donnie_tyndall
2010,1288,0,154,todd_bozeman
2010,1290,0,154,sean_woods
2010,1291,0,154,milan_brown
2010,1292,0,154,kermit_davis
2010,1293,0,154,billy_kennedy
2010,1294,0,154,tad_boyle
2010,1295,0,154,saul_phillips
2010,1296,0,154,ricardo_patton
2010,1298,0,154,billy_lange
2010,1299,0,154,jerry_eaves
2010,1300,0,154,levelle_moton
2010,1301,0,154,sidney_lowe
2010,1304,0,154,doc_sadler
2010,1305,0,154,david_carter
2010,1306,0,154,bill_herrion
2010,1307,0,154,steve_alford
2010,1308,0,154,marvin_menzies
2010,1309,0,154,joe_pasternack
2010,1310,0,154,joe_mihalich
2010,1311,0,154,j_p_piper
2010,1312,0,154,jim_engles
2010,1313,0,154,anthony_evans
2010,1314,0,154,roy_williams
2010,1315,0,154,brian_jones
2010,1316,0,154,matthew_driscoll
2010,1317,0,154,johnny_jones
2010,1318,0,154,bill_coen
2010,1319,0,154,mike_adras
2010,1320,0,154,ben_jacobson
2010,1321,0,154,bill_carmody
2010,1322,0,154,mike_mcconathy
2010,1323,0,154,mike_brey
2010,1324,0,154,greg_kampe
2010,1325,0,154,john_groce
2010,1326,0,154,thad_matta
2010,1328,0,154,jeff_capel
2010,1329,0,154,travis_ford
2010,1330,0,154,blaine_taylor
2010,1331,0,154,scott_sutton
2010,1332,0,154,ernie_kent
2010,1333,0,154,craig_robinson
2010,1334,0,154,bob_thomason
2010,1335,0,41,glen_miller
2010,1335,42,154,jerome_allen
2010,1336,0,154,ed_dechellis
2010,1337,0,154,tom_asbury
2010,1338,0,154,jamie_dixon
2010,1339,0,154,eric_reveno
2010,1340,0,154,tyler_geving
2010,1341,0,154,byron_rimm
2010,1342,0,154,gregg_nibert
2010,1343,0,154,sydney_johnson
2010,1344,0,154,keno_davis
2010,1345,0,154,matt_painter
2010,1346,0,154,tom_moore
2010,1347,0,154,brad_greenberg
2010,1348,0,154,jim_baron
2010,1349,0,154,ben_braun
2010,1350,0,154,chris_mooney
2010,1351,0,154,tommy_dempsey
2010,1352,0,154,mike_rice_jr
2010,1353,0,154,fred_hill
2010,1354,0,154,tim_carter
2010,1355,0,154,scott_nagy
2010,1356,0,154,chris_lowery
2010,1357,0,154,dave_bike
2010,1358,0,154,bob_marlin
2010,1359,0,154,jimmy_tillette
2010,1360,0,154,bill_grier
2010,1361,0,154,steve_fisher
2010,1362,0,154,rex_walters
2010,1363,0,154,george_nessman
2010,1364,0,154,bob_williams
2010,1365,0,154,kerry_keating
2010,1366,0,154,horace_broadnax
2010,1367,0,154,eddie_payne
2010,1368,0,154,jim_yarbrough
2010,1369,0,154,dickey_nutt
2010,1370,0,154,cameron_dollar
2010,1371,0,154,bobby_gonzalez
2010,1372,0,154,danny_kaspar
2010,1373,0,154,fran_mccaffery
2010,1374,0,154,matt_doherty
2010,1375,0,154,ronnie_arrow
2010,1376,0,154,darrin_horn
2010,1377,0,154,david_boots
2010,1378,0,154,stan_heath
2010,1379,0,154,larry_eustachy
2010,1380,0,154,rob_spivery
2010,1381,0,154,roger_reid
2010,1382,0,154,mark_schmidt
2010,1383,0,154,brian_nash
2010,1384,0,154,don_friday
2010,1385,0,154,norman_roberts
2010,1386,0,154,phil_martelli
2010,1387,0,154,rick_majerus
2010,1388,0,154,randy_bennett
2010,1389,0,154,john_dunne
2010,1390,0,154,johnny_dawkins
2010,1391,0,154,derek_waugh
2010,1392,0,154,steve_pikiell
2010,1393,0,154,jim_boeheim
2010,1394,0,154,perry_clark
2010,1395,0,154,jim_christian
2010,1396,0,154,fran_dunphy
2010,1397,0,154,bruce_pearl
2010,1398,0,154,john_cooper
2010,1399,0,154,mike_sutton
2010,1400,0,154,rick_barnes
2010,1401,0,154,mark_turgeon
2010,1402,0,154,doug_davalos
2010,1403,0,154,pat_knight
2010,1404,0,154,jason_james
2010,1405,0,154,gene_cross
2010,1406,0,154,pat_kennedy
2010,1407,0,154,don_maestri
2010,1408,0,154,dave_dickerson
2010,1409,0,154,doug_wojcik
2010,1410,0,154,ryan_marks
2010,1411,0,154,tony_harvey
2010,1412,0,154,mike_davis
2010,1413,0,154,gary_stewart
2010,1414,0,154,pat_douglass
2010,1415,0,154,jim_wooldridge
2010,1416,0,154,kirk_speraw
2010,1417,0,154,ben_howland
2010,1418,0,154,robert_lee
2010,1419,0,154,orlando_early
2010,1420,0,154,randy_monroe
2010,1421,0,154,eddie_biedenbach
2010,1422,0,154,mike_dement
2010,1423,0,87,benny_moss
2010,1423,88,154,brooks_lee
2010,1424,0,154,lon_kruger
2010,1425,0,154,kevin_o'neill
2010,1426,0,154,scott_cross
2010,1427,0,154,brooks_thompson
2010,1428,0,154,jim_boylen
2010,1429,0,154,stew_morrill
2010,1430,0,154,dick_hunsaker
2010,1431,0,154,tony_barbee
2010,1433,0,154,shaka_smart
2010,1434,0,154,homer_drew
2010,1435,0,154,kevin_stallings
2010,1436,0,154,mike_lonergan
2010,1437,0,154,jay_wright
2010,1438,0,154,tony_bennett
2010,1439,0,154,seth_greenberg
2010,1440,0,154,duggar_baucom
2010,1441,0,154,larry_hunter
2010,1442,0,154,jim_molinari
2010,1443,0,154,ken_mcdonald
2010,1444,0,154,steve_hawkins
2010,1445,0,154,bobby_collins
2010,1447,0,154,mike_deane
2010,1448,0,154,dino_gaudio
2010,1449,0,154,lorenzo_romar
2010,1450,0,154,ken_bone
2010,1451,0,154,randy_rahe
2010,1452,0,154,bob_huggins
2010,1453,0,154,tod_kowalczyk
2010,1454,0,154,rob_jeter
2010,1455,0,154,gregg_marshall
2010,1456,0,154,tony_shaver
2010,1457,0,154,randy_peele
2010,1458,0,154,bo_ryan
2010,1459,0,154,mike_young
2010,1460,0,154,brad_brownell
2010,1461,0,154,heath_schroyer
2010,1462,0,154,chris_mack
2010,1463,0,154,james_jones
2010,1464,0,154,jerry_slocum
2011,1102,0,154,jeff_reynolds
2011,1103,0,154,keith_dambrot
2011,1104,0,154,anthony_grant
2011,1105,0,154,vann_pettaway
2011,1106,0,154,lewis_jackson
2011,1107,0,154,will_brown
2011,1108,0,154,larry_smith
2011,1110,0,154,jeff_a_jones
2011,1111,0,154,jason_capel
2011,1112,0,154,sean_miller
2011,1113,0,154,herb_sendek
2011,1114,0,154,steve_shields
2011,1115,0,154,george_ivory
2011,1116,0,154,john_pelphrey
2011,1117,0,154,john_brady
2011,1119,0,154,zach_spiker
2011,1120,0,154,tony_barbee
2011,1122,0,154,dave_loos
2011,1123,0,154,billy_taylor
2011,1124,0,154,scott_drew
2011,1125,0,154,rick_byrd
2011,1126,0,154,c_j_reed
2011,1127,0,154,mark_macon
2011,1129,0,154,leon_rice
2011,1130,0,154,steve_donahue
2011,1131,0,154,patrick_chambers
2011,1132,0,154,louis_orr
2011,1133,0,154,jim_les
2011,1135,0,154,jesse_agel
2011,1136,0,154,tim_o'shea
2011,1137,0,154,david_paulsen
2011,1138,0,154,reggie_witherspoon
2011,1139,0,154,brad_stevens
2011,1140,0,154,dave_rose
2011,1141,0,154,ernie_zeigler
2011,1142,0,154,joe_callero
2011,1143,0,154,mike_montgomery
2011,1144,0,154,robbie_laing
2011,1145,0,154,tom_parrotta
2011,1146,0,154,corliss_williamson
2011,1147,0,154,adam_walsh
2011,1148,0,154,howie_dickenman
2011,1149,0,154,barclay_radebaugh
2011,1150,0,154,alan_major
2011,1151,0,154,john_shulman
2011,1152,0,154,tracy_dildy
2011,1153,0,154,mick_cronin
2011,1154,0,154,chuck_driesell
2011,1155,0,154,brad_brownell
2011,1156,0,154,gary_waters
2011,1157,0,154,cliff_ellis
2011,1158,0,154,bobby_cremins
2011,1159,0,154,emmett_davis
2011,1160,0,154,tad_boyle
2011,1161,0,154,tim_miles
2011,1162,0,154,kyle_smith
2011,1163,0,154,jim_calhoun
2011,1164,0,154,fang_mitchell
2011,1165,0,154,bill_courtney
2011,1166,0,154,greg_mcdermott
2011,1167,0,154,keith_brown
2011,1168,0,154,bob_burton
2011,1169,0,154,bobby_braswell
2011,1170,0,154,brian_katz
2011,1171,0,154,paul_cormier
2011,1172,0,154,bob_mckillop
2011,1173,0,154,brian_gregory
2011,1174,0,154,monte_ross
2011,1175,0,154,greg_jackson
2011,1176,0,154,joe_scott
2011,1177,0,154,oliver_purnell
2011,1178,0,154,ray_mccallum
2011,1179,0,154,edward_phelps
2011,1180,0,154,bruiser_flint
2011,1181,0,154,mike_krzyzewski
2011,1182,0,154,ron_everhart
2011,1183,0,154,mike_miller
2011,1184,0,154,jeff_neubauer
2011,1185,0,154,charles_ramsey
2011,1186,0,154,kirk_earlywine
2011,1187,0,154,jeff_lebo
2011,1188,0,154,lennox_forrester
2011,1189,0,154,matt_matheny
2011,1190,0,154,murry_bartow
2011,1191,0,154,marty_simmons
2011,1192,0,154,greg_vetrone
2011,1193,0,154,ed_cooley
2011,1194,0,154,mike_jarvis
2011,1195,0,154,dave_balza
2011,1196,0,154,billy_donovan
2011,1197,0,154,eugene_harris
2011,1198,0,154,isiah_thomas
2011,1199,0,154,leonard_hamilton
2011,1200,0,154,tom_pecora
2011,1201,0,154,steve_cleveland
2011,1202,0,154,jeff_jackson
2011,1203,0,154,karl_hobbs
2011,1204,0,154,charlton_young
2011,1205,0,154,chris_holtmann
2011,1206,0,154,jim_larranaga
2011,1207,0,154,john_thompson_iii
2011,1208,0,154,mark_fox
2011,1209,0,154,rod_barnes
2011,1210,0,154,paul_hewitt
2011,1211,0,154,mark_few
2011,1212,0,154,robert_washington
2011,1214,0,154,edward_joyner
2011,1216,0,154,john_gallagher
2011,1217,0,154,tommy_amaker
2011,1218,0,154,gib_arnold
2011,1219,0,154,scott_cherry
2011,1220,0,154,mo_cassara
2011,1221,0,154,milan_brown
2011,1222,0,154,james_dickey
2011,1223,0,154,ron_cottrell
2011,1224,0,154,kevin_nickelberry
2011,1225,0,154,don_verlin
2011,1226,0,154,joe_o'brien
2011,1227,0,154,howard_moore
2011,1228,0,154,bruce_weber
2011,1229,0,154,tim_jankovich
2011,1231,0,154,tom_crean
2011,1232,0,154,greg_lansing
2011,1233,0,154,tim_cluess
2011,1234,0,154,fran_mccaffery
2011,1235,0,154,fred_hoiberg
2011,1236,0,154,dane_fife
2011,1237,0,154,ron_hunter
2011,1238,0,154,tevester_anderson
2011,1239,0,154,cliff_warren
2011,1240,0,154,james_green
2011,1241,0,154,matt_brady
2011,1242,0,154,bill_self
2011,1243,0,154,frank_martin
2011,1244,0,154,tony_ingle
2011,1245,0,154,geno_ford
2011,1246,0,154,john_calipari
2011,1247,0,154,john_giannini
2011,1248,0,154,fran_o'hanlon
2011,1249,0,154,steve_roccaforte
2011,1250,0,154,brett_reed
2011,1251,0,154,dale_layer
2011,1252,0,154,scott_sanderson
2011,1253,0,154,dan_monson
2011,1254,0,154,jim_ferry
2011,1255,0,154,mike_gillian
2011,1256,0,154,kerry_rupp
2011,1257,0,154,rick_pitino
2011,1258,0,154,max_good
2011,1259,0,154,jimmy_patsos
2011,1260,0,154,jim_whitesell
2011,1261,0,154,trent_johnson
2011,1263,0,154,ted_woodward
2011,1264,0,154,barry_rohrssen
2011,1265,0,154,chuck_martin
2011,1266,0,154,buzz_williams
2011,1267,0,154,tom_herrion
2011,1268,0,154,gary_williams
2011,1269,0,154,derek_kellogg
2011,1270,0,154,dave_simmons
2011,1271,0,154,frankie_allen
2011,1272,0,154,josh_pastner
2011,1273,0,154,bob_hoffman
2011,1274,0,154,frank_haith
2011,1275,0,154,charlie_coles
2011,1276,0,154,john_beilein
2011,1277,0,154,tom_izzo
2011,1278,0,154,tubby_smith
2011,1279,0,154,andy_kennedy
2011,1280,0,154,rick_stansbury
2011,1281,0,154,mike_anderson
2011,1282,0,154,matt_brown
2011,1283,0,154,cuonzo_martin
2011,1284,0,154,dave_calloway
2011,1285,0,154,wayne_tinkle
2011,1286,0,154,brad_huse
2011,1287,0,154,donnie_tyndall
2011,1288,0,154,todd_bozeman
2011,1290,0,154,sean_woods
2011,1291,0,154,robert_burke
2011,1292,0,154,kermit_davis
2011,1293,0,154,billy_kennedy
2011,1294,0,154,b_j_hill
2011,1295,0,154,saul_phillips
2011,1296,0,154,ricardo_patton
2011,1298,0,154,billy_lange
2011,1299,0,154,jerry_eaves
2011,1300,0,154,levelle_moton
2011,1301,0,154,sidney_lowe
2011,1304,0,154,doc_sadler
2011,1305,0,154,david_carter
2011,1306,0,154,bill_herrion
2011,1307,0,154,steve_alford
2011,1308,0,154,marvin_menzies
2011,1310,0,154,joe_mihalich
2011,1311,0,154,j_p_piper
2011,1312,0,154,jim_engles
2011,1313,0,154,anthony_evans
2011,1314,0,154,roy_williams
2011,1315,0,154,brian_jones
2011,1316,0,154,matthew_driscoll
2011,1317,0,154,johnny_jones
2011,1318,0,154,bill_coen
2011,1319,0,154,mike_adras
2011,1320,0,154,ben_jacobson
2011,1321,0,154,bill_carmody
2011,1322,0,154,mike_mcconathy
2011,1323,0,154,mike_brey
2011,1324,0,154,greg_kampe
2011,1325,0,154,john_groce
2011,1326,0,154,thad_matta
2011,1328,0,154,jeff_capel
2011,1329,0,154,travis_ford
2011,1330,0,154,blaine_taylor
2011,1331,0,154,scott_sutton
2011,1332,0,154,dana_altman
2011,1333,0,154,craig_robinson
2011,1334,0,154,bob_thomason
2011,1335,0,154,jerome_allen
2011,1336,0,154,ed_dechellis
2011,1337,0,154,tom_asbury
2011,1338,0,154,jamie_dixon
2011,1339,0,154,eric_reveno
2011,1340,0,154,tyler_geving
2011,1341,0,154,byron_rimm
2011,1342,0,154,gregg_nibert
2011,1343,0,154,sydney_johnson
2011,1344,0,154,keno_davis
2011,1345,0,154,matt_painter
2011,1346,0,154,tom_moore
2011,1347,0,154,brad_greenberg
2011,1348,0,154,jim_baron
2011,1349,0,154,ben_braun
2011,1350,0,154,chris_mooney
2011,1351,0,154,tommy_dempsey
2011,1352,0,154,andrew_toole
2011,1353,0,154,mike_rice_jr
2011,1354,0,154,tim_carter
2011,1355,0,154,scott_nagy
2011,1356,0,154,chris_lowery
2011,1357,0,154,dave_bike
2011,1358,0,154,jason_hooten
2011,1359,0,154,jimmy_tillette
2011,1360,0,154,bill_grier
2011,1361,0,154,steve_fisher
2011,1362,0,154,rex_walters
2011,1363,0,154,george_nessman
2011,1364,0,154,bob_williams
2011,1365,0,154,kerry_keating
2011,1366,0,154,horace_broadnax
2011,1367,0,154,eddie_payne
2011,1368,0,154,jim_yarbrough
2011,1369,0,154,dickey_nutt
2011,1370,0,154,cameron_dollar
2011,1371,0,154,kevin_willard
2011,1372,0,154,danny_kaspar
2011,1373,0,154,mitch_buonaguro
2011,1374,0,154,matt_doherty
2011,1375,0,154,ronnie_arrow
2011,1376,0,154,darrin_horn
2011,1377,0,154,david_boots
2011,1378,0,154,stan_heath
2011,1379,0,154,larry_eustachy
2011,1380,0,154,rob_spivery
2011,1381,0,154,roger_reid
2011,1382,0,154,mark_schmidt
2011,1383,0,154,glenn_braica
2011,1384,0,154,don_friday
2011,1385,0,154,steve_lavin
2011,1386,0,154,phil_martelli
2011,1387,0,154,rick_majerus
2011,1388,0,154,randy_bennett
2011,1389,0,154,john_dunne
2011,1390,0,154,johnny_dawkins
2011,1391,0,154,derek_waugh
2011,1392,0,154,steve_pikiell
2011,1393,0,154,jim_boeheim
2011,1394,0,154,perry_clark
2011,1395,0,154,jim_christian
2011,1396,0,154,fran_dunphy
2011,1397,0,154,bruce_pearl
2011,1398,0,154,john_cooper
2011,1399,0,154,mike_sutton
2011,1400,0,154,rick_barnes
2011,1401,0,154,mark_turgeon
2011,1402,0,154,doug_davalos
2011,1403,0,154,pat_knight
2011,1404,0,154,jason_james
2011,1405,0,154,tod_kowalczyk
2011,1406,0,154,pat_kennedy
2011,1407,0,154,don_maestri
2011,1408,0,154,ed_conroy
2011,1409,0,154,doug_wojcik
2011,1410,0,154,ryan_marks
2011,1411,0,154,tony_harvey
2011,1412,0,154,mike_davis
2011,1413,0,154,gary_stewart
2011,1414,0,154,russ_turner
2011,1415,0,154,jim_wooldridge
2011,1416,0,154,donnie_jones
2011,1417,0,154,ben_howland
2011,1418,0,154,bob_marlin
2011,1419,0,154,keith_richard
2011,1420,0,154,randy_monroe
2011,1421,0,154,eddie_biedenbach
2011,1422,0,154,mike_dement
2011,1423,0,154,buzz_peterson
2011,1424,0,154,lon_kruger
2011,1425,0,154,kevin_o'neill
2011,1426,0,154,scott_cross
2011,1427,0,154,brooks_thompson
2011,1428,0,154,jim_boylen
2011,1429,0,154,stew_morrill
2011,1430,0,154,dick_hunsaker
2011,1431,0,154,tim_floyd
2011,1433,0,154,shaka_smart
2011,1434,0,154,homer_drew
2011,1435,0,154,kevin_stallings
2011,1436,0,154,mike_lonergan
2011,1437,0,154,jay_wright
2011,1438,0,154,tony_bennett
2011,1439,0,154,seth_greenberg
2011,1440,0,154,duggar_baucom
2011,1441,0,154,larry_hunter
2011,1442,0,154,jim_molinari
2011,1443,0,154,ken_mcdonald
2011,1444,0,154,steve_hawkins
2011,1447,0,154,dan_hurley
2011,1448,0,154,jeff_bzdelik
2011,1449,0,154,lorenzo_romar
2011,1450,0,154,ken_bone
2011,1451,0,154,randy_rahe
2011,1452,0,154,bob_huggins
2011,1453,0,154,brian_wardle
2011,1454,0,154,rob_jeter
2011,1455,0,154,gregg_marshall
2011,1456,0,154,tony_shaver
2011,1457,0,154,randy_peele
2011,1458,0,154,bo_ryan
2011,1459,0,154,mike_young
2011,1460,0,154,billy_donlon
2011,1461,0,97,heath_schroyer
2011,1461,98,154,fred_langley
2011,1462,0,154,chris_mack
2011,1463,0,154,james_jones
2011,1464,0,154,jerry_slocum
2012,1102,0,99,jeff_reynolds
2012,1102,100,154,dave_pilipovich
2012,1103,0,154,keith_dambrot
2012,1104,0,154,anthony_grant
2012,1105,0,154,willie_hayes
2012,1106,0,154,lewis_jackson
2012,1107,0,154,will_brown
2012,1108,0,154,luther_riley
2012,1110,0,154,jeff_a_jones
2012,1111,0,154,jason_capel
2012,1112,0,154,sean_miller
2012,1113,0,154,herb_sendek
2012,1114,0,154,steve_shields
2012,1115,0,154,george_ivory
2012,1116,0,154,mike_anderson
2012,1117,0,154,john_brady
2012,1119,0,154,zach_spiker
2012,1120,0,154,tony_barbee
2012,1122,0,154,dave_loos
2012,1123,0,154,billy_taylor
2012,1124,0,154,scott_drew
2012,1125,0,154,rick_byrd
2012,1126,0,154,gravelle_craig
2012,1127,0,154,mark_macon
2012,1129,0,154,leon_rice
2012,1130,0,154,steve_donahue
2012,1131,0,154,joe_jones
2012,1132,0,154,louis_orr
2012,1133,0,154,geno_ford
2012,1135,0,154,jesse_agel
2012,1136,0,154,tim_o'shea
2012,1137,0,154,david_paulsen
2012,1138,0,154,reggie_witherspoon
2012,1139,0,154,brad_stevens
2012,1140,0,154,dave_rose
2012,1141,0,154,ernie_zeigler
2012,1142,0,154,joe_callero
2012,1143,0,154,mike_montgomery
2012,1144,0,154,robbie_laing
2012,1145,0,154,tom_parrotta
2012,1146,0,154,corliss_williamson
2012,1148,0,154,howie_dickenman
2012,1149,0,154,barclay_radebaugh
2012,1150,0,154,alan_major
2012,1151,0,154,john_shulman
2012,1152,0,154,tracy_dildy
2012,1153,0,154,mick_cronin
2012,1154,0,154,chuck_driesell
2012,1155,0,154,brad_brownell
2012,1156,0,154,gary_waters
2012,1157,0,154,cliff_ellis
2012,1158,0,154,bobby_cremins
2012,1159,0,154,matt_langel
2012,1160,0,154,tad_boyle
2012,1161,0,154,tim_miles
2012,1162,0,154,kyle_smith
2012,1163,0,154,jim_calhoun
2012,1164,0,154,fang_mitchell
2012,1165,0,154,bill_courtney
2012,1166,0,154,greg_mcdermott
2012,1167,0,154,rod_barnes
2012,1168,0,154,bob_burton
2012,1169,0,154,bobby_braswell
2012,1170,0,154,brian_katz
2012,1171,0,154,paul_cormier
2012,1172,0,154,bob_mckillop
2012,1173,0,154,archie_miller
2012,1174,0,154,monte_ross
2012,1175,0,154,greg_jackson
2012,1176,0,154,joe_scott
2012,1177,0,154,oliver_purnell
2012,1178,0,154,ray_mccallum
2012,1179,0,154,edward_phelps
2012,1180,0,154,bruiser_flint
2012,1181,0,154,mike_krzyzewski
2012,1182,0,154,ron_everhart
2012,1183,0,154,mike_miller
2012,1184,0,154,jeff_neubauer
2012,1185,0,154,rob_murphy
2012,1186,0,154,jim_hayford
2012,1187,0,154,jeff_lebo
2012,1188,0,154,lennox_forrester
2012,1189,0,154,matt_matheny
2012,1190,0,154,murry_bartow
2012,1191,0,154,marty_simmons
2012,1192,0,154,greg_vetrone
2012,1193,0,154,sydney_johnson
2012,1194,0,154,mike_jarvis
2012,1195,0,154,andy_enfield
2012,1196,0,154,billy_donovan
2012,1197,0,154,clemon_johnson
2012,1198,0,154,isiah_thomas
2012,1199,0,154,leonard_hamilton
2012,1200,0,154,tom_pecora
2012,1201,0,154,rodney_terry
2012,1202,0,154,jeff_jackson
2012,1203,0,154,mike_lonergan
2012,1204,0,154,charlton_young
2012,1205,0,154,chris_holtmann
2012,1206,0,154,paul_hewitt
2012,1207,0,154,john_thompson_iii
2012,1208,0,154,mark_fox
2012,1209,0,154,ron_hunter
2012,1210,0,154,brian_gregory
2012,1211,0,154,mark_few
2012,1212,0,154,robert_washington
2012,1214,0,154,edward_joyner
2012,1216,0,154,john_gallagher
2012,1217,0,154,tommy_amaker
2012,1218,0,154,gib_arnold
2012,1219,0,154,scott_cherry
2012,1220,0,154,mo_cassara
2012,1221,0,154,milan_brown
2012,1222,0,154,james_dickey
2012,1223,0,154,ron_cottrell
2012,1224,0,154,kevin_nickelberry
2012,1225,0,154,don_verlin
2012,1226,0,48,joe_o'brien
2012,1226,49,154,deane_martin
2012,1227,0,154,howard_moore
2012,1228,0,154,bruce_weber
2012,1229,0,154,tim_jankovich
2012,1231,0,154,tom_crean
2012,1232,0,154,greg_lansing
2012,1233,0,154,tim_cluess
2012,1234,0,154,fran_mccaffery
2012,1235,0,154,fred_hoiberg
2012,1236,0,154,tony_jasick
2012,1237,0,154,todd_howard
2012,1238,0,154,tevester_anderson
2012,1239,0,154,cliff_warren
2012,1240,0,154,james_green
2012,1241,0,154,matt_brady
2012,1242,0,154,bill_self
2012,1243,0,154,frank_martin
2012,1244,0,154,lewis_preston
2012,1245,0,154,rob_senderoff
2012,1246,0,154,john_calipari
2012,1247,0,154,john_giannini
2012,1248,0,154,fran_o'hanlon
2012,1249,0,154,pat_knight
2012,1250,0,154,brett_reed
2012,1251,0,154,dale_layer
2012,1252,0,154,scott_sanderson
2012,1253,0,154,dan_monson
2012,1254,0,154,jim_ferry
2012,1255,0,154,mike_gillian
2012,1256,0,154,michael_white
2012,1257,0,154,rick_pitino
2012,1258,0,154,max_good
2012,1259,0,154,jimmy_patsos
2012,1260,0,154,porter_moser
2012,1261,0,154,trent_johnson
2012,1263,0,154,ted_woodward
2012,1264,0,154,steve_masiello
2012,1265,0,154,chuck_martin
2012,1266,0,154,buzz_williams
2012,1267,0,154,tom_herrion
2012,1268,0,154,mark_turgeon
2012,1269,0,154,derek_kellogg
2012,1270,0,154,dave_simmons
2012,1271,0,154,frankie_allen
2012,1272,0,154,josh_pastner
2012,1273,0,154,bob_hoffman
2012,1274,0,154,jim_larranaga
2012,1275,0,154,charlie_coles
2012,1276,0,154,john_beilein
2012,1277,0,154,tom_izzo
2012,1278,0,154,tubby_smith
2012,1279,0,154,andy_kennedy
2012,1280,0,154,rick_stansbury
2012,1281,0,154,frank_haith
2012,1282,0,154,matt_brown
2012,1283,0,154,paul_lusk
2012,1284,0,154,king_rice
2012,1285,0,154,wayne_tinkle
2012,1286,0,154,brad_huse
2012,1287,0,154,donnie_tyndall
2012,1288,0,154,todd_bozeman
2012,1290,0,154,sean_woods
2012,1291,0,154,robert_burke
2012,1292,0,154,kermit_davis
2012,1293,0,154,steve_prohm
2012,1294,0,154,b_j_hill
2012,1295,0,154,saul_phillips
2012,1296,0,154,mark_montgomery
2012,1298,0,154,ed_dechellis
2012,1299,0,154,jerry_eaves
2012,1300,0,154,levelle_moton
2012,1301,0,154,mark_gottfried
2012,1303,0,154,derrin_hansen
2012,1304,0,154,doc_sadler
2012,1305,0,154,david_carter
2012,1306,0,154,bill_herrion
2012,1307,0,154,steve_alford
2012,1308,0,154,marvin_menzies
2012,1310,0,154,joe_mihalich
2012,1311,0,154,j_p_piper
2012,1312,0,154,jim_engles
2012,1313,0,154,anthony_evans
2012,1314,0,154,roy_williams
2012,1315,0,154,brian_jones
2012,1316,0,154,matthew_driscoll
2012,1317,0,154,johnny_jones
2012,1318,0,154,bill_coen
2012,1319,0,38,mike_adras
2012,1319,39,154,dave_brown
2012,1320,0,154,ben_jacobson
2012,1321,0,154,bill_carmody
2012,1322,0,154,mike_mcconathy
2012,1323,0,154,mike_brey
2012,1324,0,154,greg_kampe
2012,1325,0,154,john_groce
2012,1326,0,154,thad_matta
2012,1328,0,154,lon_kruger
2012,1329,0,154,travis_ford
2012,1330,0,154,blaine_taylor
2012,1331,0,154,scott_sutton
2012,1332,0,154,dana_altman
2012,1333,0,154,craig_robinson
2012,1334,0,154,bob_thomason
2012,1335,0,154,jerome_allen
2012,1336,0,154,patrick_chambers
2012,1337,0,154,marty_wilson
2012,1338,0,154,jamie_dixon
2012,1339,0,154,eric_reveno
2012,1340,0,154,tyler_geving
2012,1341,0,154,byron_rimm
2012,1342,0,154,gregg_nibert
2012,1343,0,154,mitch_henderson
2012,1344,0,154,ed_cooley
2012,1345,0,154,matt_painter
2012,1346,0,154,tom_moore
2012,1347,0,154,mike_jones
2012,1348,0,154,jim_baron
2012,1349,0,154,ben_braun
2012,1350,0,154,chris_mooney
2012,1351,0,154,tommy_dempsey
2012,1352,0,154,andrew_toole
2012,1353,0,154,mike_rice_jr
2012,1354,0,154,tim_carter
2012,1355,0,154,scott_nagy
2012,1356,0,154,chris_lowery
2012,1357,0,154,dave_bike
2012,1358,0,154,jason_hooten
2012,1359,0,154,jimmy_tillette
2012,1360,0,154,bill_grier
2012,1361,0,154,steve_fisher
2012,1362,0,154,rex_walters
2012,1363,0,154,george_nessman
2012,1364,0,154,bob_williams
2012,1365,0,154,kerry_keating
2012,1366,0,154,horace_broadnax
2012,1367,0,154,eddie_payne
2012,1368,0,154,jim_yarbrough
2012,1369,0,154,dickey_nutt
2012,1370,0,154,cameron_dollar
2012,1371,0,154,kevin_willard
2012,1372,0,154,danny_kaspar
2012,1373,0,154,mitch_buonaguro
2012,1374,0,154,matt_doherty
2012,1375,0,154,ronnie_arrow
2012,1376,0,154,darrin_horn
2012,1377,0,154,david_boots
2012,1378,0,154,stan_heath
2012,1379,0,154,larry_eustachy
2012,1380,0,154,roman_banks
2012,1381,0,154,roger_reid
2012,1382,0,154,mark_schmidt
2012,1383,0,154,glenn_braica
2012,1384,0,154,don_friday
2012,1385,0,154,steve_lavin
2012,1386,0,154,phil_martelli
2012,1387,0,154,rick_majerus
2012,1388,0,154,randy_bennett
2012,1389,0,154,john_dunne
2012,1390,0,154,johnny_dawkins
2012,1391,0,154,casey_alexander
2012,1392,0,154,steve_pikiell
2012,1393,0,154,jim_boeheim
2012,1394,0,154,willis_wilson
2012,1395,0,154,jim_christian
2012,1396,0,154,fran_dunphy
2012,1397,0,154,cuonzo_martin
2012,1398,0,154,john_cooper
2012,1399,0,154,steve_payne
2012,1400,0,154,rick_barnes
2012,1401,0,154,billy_kennedy
2012,1402,0,154,doug_davalos
2012,1403,0,154,billy_gillispie
2012,1404,0,154,jason_james
2012,1405,0,154,tod_kowalczyk
2012,1406,0,154,pat_skerry
2012,1407,0,154,don_maestri
2012,1408,0,154,ed_conroy
2012,1409,0,154,doug_wojcik
2012,1410,0,154,ryan_marks
2012,1411,0,154,tony_harvey
2012,1412,0,154,mike_davis
2012,1413,0,154,jim_les
2012,1414,0,154,russ_turner
2012,1415,0,154,jim_wooldridge
2012,1416,0,154,donnie_jones
2012,1417,0,154,ben_howland
2012,1418,0,154,bob_marlin
2012,1419,0,154,keith_richard
2012,1420,0,154,randy_monroe
2012,1421,0,154,eddie_biedenbach
2012,1422,0,42,mike_dement
2012,1422,43,154,wes_miller
2012,1423,0,154,buzz_peterson
2012,1424,0,154,dave_rice
2012,1425,0,154,kevin_o'neill
2012,1426,0,154,scott_cross
2012,1427,0,154,brooks_thompson
2012,1428,0,154,larry_krystkowiak
2012,1429,0,154,stew_morrill
2012,1430,0,154,dick_hunsaker
2012,1431,0,154,tim_floyd
2012,1433,0,154,shaka_smart
2012,1434,0,154,bryce_drew
2012,1435,0,154,kevin_stallings
2012,1436,0,154,john_becker
2012,1437,0,154,jay_wright
2012,1438,0,154,tony_bennett
2012,1439,0,154,seth_greenberg
2012,1440,0,154,duggar_baucom
2012,1441,0,154,larry_hunter
2012,1442,0,154,jim_molinari
2012,1443,0,66,ken_mcdonald
2012,1443,67,154,ray_harper
2012,1444,0,154,steve_hawkins
2012,1447,0,154,dan_hurley
2012,1448,0,154,jeff_bzdelik
2012,1449,0,154,lorenzo_romar
2012,1450,0,154,ken_bone
2012,1451,0,154,randy_rahe
2012,1452,0,154,bob_huggins
2012,1453,0,154,brian_wardle
2012,1454,0,154,rob_jeter
2012,1455,0,154,gregg_marshall
2012,1456,0,154,tony_shaver
2012,1457,0,154,randy_peele
2012,1458,0,154,bo_ryan
2012,1459,0,154,mike_young
2012,1460,0,154,billy_donlon
2012,1461,0,154,larry_shyatt
2012,1462,0,154,chris_mack
2012,1463,0,154,james_jones
2012,1464,0,154,jerry_slocum
2013,1102,0,154,dave_pilipovich
2013,1103,0,154,keith_dambrot
2013,1104,0,154,anthony_grant
2013,1105,0,154,willie_hayes
2013,1106,0,154,lewis_jackson
2013,1107,0,154,will_brown
2013,1108,0,154,luther_riley
2013,1110,0,154,jeff_a_jones
2013,1111,0,154,jason_capel
2013,1112,0,154,sean_miller
2013,1113,0,154,herb_sendek
2013,1114,0,154,steve_shields
2013,1115,0,154,george_ivory
2013,1116,0,154,mike_anderson
2013,1117,0,154,john_brady
2013,1119,0,154,zach_spiker
2013,1120,0,154,tony_barbee
2013,1122,0,154,dave_loos
2013,1123,0,154,billy_taylor
2013,1124,0,154,scott_drew
2013,1125,0,154,rick_byrd
2013,1126,0,154,gravelle_craig
2013,1127,0,154,tommy_dempsey
2013,1129,0,154,leon_rice
2013,1130,0,154,steve_donahue
2013,1131,0,154,joe_jones
2013,1132,0,154,louis_orr
2013,1133,0,154,geno_ford
2013,1135,0,154,mike_martin_brn
2013,1136,0,154,tim_o'shea
2013,1137,0,154,david_paulsen
2013,1138,0,154,reggie_witherspoon
2013,1139,0,154,brad_stevens
2013,1140,0,154,dave_rose
2013,1141,0,154,keno_davis
2013,1142,0,154,joe_callero
2013,1143,0,154,mike_montgomery
2013,1144,0,154,robbie_laing
2013,1145,0,154,jim_baron
2013,1146,0,154,corliss_williamson
2013,1148,0,154,howie_dickenman
2013,1149,0,154,barclay_radebaugh
2013,1150,0,154,alan_major
2013,1151,0,154,john_shulman
2013,1152,0,154,tracy_dildy
2013,1153,0,154,mick_cronin
2013,1154,0,154,chuck_driesell
2013,1155,0,154,brad_brownell
2013,1156,0,154,gary_waters
2013,1157,0,154,cliff_ellis
2013,1158,0,154,doug_wojcik
2013,1159,0,154,matt_langel
2013,1160,0,154,tad_boyle
2013,1161,0,154,larry_eustachy
2013,1162,0,154,kyle_smith
2013,1163,0,154,kevin_ollie
2013,1164,0,154,fang_mitchell
2013,1165,0,154,bill_courtney
2013,1166,0,154,greg_mcdermott
2013,1167,0,154,rod_barnes
2013,1168,0,154,andy_newman
2013,1169,0,154,bobby_braswell
2013,1170,0,154,brian_katz
2013,1171,0,154,paul_cormier
2013,1172,0,154,bob_mckillop
2013,1173,0,154,archie_miller
2013,1174,0,154,monte_ross
2013,1175,0,154,greg_jackson
2013,1176,0,154,joe_scott
2013,1177,0,154,oliver_purnell
2013,1178,0,154,ray_mccallum
2013,1179,0,154,edward_phelps
2013,1180,0,154,bruiser_flint
2013,1181,0,154,mike_krzyzewski
2013,1182,0,154,jim_ferry
2013,1183,0,154,jay_spoonhour
2013,1184,0,154,jeff_neubauer
2013,1185,0,154,rob_murphy
2013,1186,0,154,jim_hayford
2013,1187,0,154,jeff_lebo
2013,1188,0,154,lennox_forrester
2013,1189,0,154,matt_matheny
2013,1190,0,154,murry_bartow
2013,1191,0,154,marty_simmons
2013,1192,0,154,greg_vetrone
2013,1193,0,154,sydney_johnson
2013,1194,0,154,mike_jarvis
2013,1195,0,154,andy_enfield
2013,1196,0,154,billy_donovan
2013,1197,0,154,clemon_johnson
2013,1198,0,154,richard_pitino
2013,1199,0,154,leonard_hamilton
2013,1200,0,154,tom_pecora
2013,1201,0,154,rodney_terry
2013,1202,0,154,jeff_jackson
2013,1203,0,154,mike_lonergan
2013,1204,0,154,charlton_young
2013,1205,0,154,chris_holtmann
2013,1206,0,154,paul_hewitt
2013,1207,0,154,john_thompson_iii
2013,1208,0,154,mark_fox
2013,1209,0,154,ron_hunter
2013,1210,0,154,brian_gregory
2013,1211,0,154,mark_few
2013,1212,0,154,joseph_price
2013,1214,0,154,edward_joyner
2013,1216,0,154,john_gallagher
2013,1217,0,154,tommy_amaker
2013,1218,0,154,gib_arnold
2013,1219,0,154,scott_cherry
2013,1220,0,154,mo_cassara
2013,1221,0,154,milan_brown
2013,1222,0,154,james_dickey
2013,1223,0,154,ron_cottrell
2013,1224,0,154,kevin_nickelberry
2013,1225,0,154,don_verlin
2013,1226,0,154,bill_evans
2013,1227,0,154,howard_moore
2013,1228,0,154,john_groce
2013,1229,0,154,dan_muller
2013,1231,0,154,tom_crean
2013,1232,0,154,greg_lansing
2013,1233,0,154,tim_cluess
2013,1234,0,154,fran_mccaffery
2013,1235,0,154,fred_hoiberg
2013,1236,0,154,tony_jasick
2013,1237,0,154,todd_howard
2013,1238,0,154,tevester_anderson
2013,1239,0,154,cliff_warren
2013,1240,0,154,james_green
2013,1241,0,154,matt_brady
2013,1242,0,154,bill_self
2013,1243,0,154,bruce_weber
2013,1244,0,154,lewis_preston
2013,1245,0,154,rob_senderoff
2013,1246,0,154,john_calipari
2013,1247,0,154,john_giannini
2013,1248,0,154,fran_o'hanlon
2013,1249,0,154,pat_knight
2013,1250,0,154,brett_reed
2013,1251,0,154,dale_layer
2013,1252,0,154,scott_sanderson
2013,1253,0,154,dan_monson
2013,1254,0,154,jack_perri
2013,1255,0,154,mike_gillian
2013,1256,0,154,michael_white
2013,1257,0,154,rick_pitino
2013,1258,0,154,max_good
2013,1259,0,154,jimmy_patsos
2013,1260,0,154,porter_moser
2013,1261,0,154,johnny_jones
2013,1263,0,154,ted_woodward
2013,1264,0,154,steve_masiello
2013,1265,0,154,chuck_martin
2013,1266,0,154,buzz_williams
2013,1267,0,154,tom_herrion
2013,1268,0,154,mark_turgeon
2013,1269,0,154,derek_kellogg
2013,1270,0,154,dave_simmons
2013,1271,0,154,frankie_allen
2013,1272,0,154,josh_pastner
2013,1273,0,154,bob_hoffman
2013,1274,0,154,jim_larranaga
2013,1275,0,154,john_cooper
2013,1276,0,154,john_beilein
2013,1277,0,154,tom_izzo
2013,1278,0,154,tubby_smith
2013,1279,0,154,andy_kennedy
2013,1280,0,154,rick_ray
2013,1281,0,154,frank_haith
2013,1282,0,154,matt_brown
2013,1283,0,154,paul_lusk
2013,1284,0,154,king_rice
2013,1285,0,154,wayne_tinkle
2013,1286,0,154,brad_huse
2013,1287,0,154,sean_woods
2013,1288,0,154,todd_bozeman
2013,1290,0,154,chico_potts
2013,1291,0,154,jamion_christian
2013,1292,0,154,kermit_davis
2013,1293,0,154,steve_prohm
2013,1294,0,154,b_j_hill
2013,1295,0,154,saul_phillips
2013,1296,0,154,mark_montgomery
2013,1297,0,154,dave_bezold
2013,1298,0,154,ed_dechellis
2013,1299,0,154,cy_alexander
2013,1300,0,154,levelle_moton
2013,1301,0,154,mark_gottfried
2013,1303,0,154,derrin_hansen
2013,1304,0,154,tim_miles
2013,1305,0,154,david_carter
2013,1306,0,154,bill_herrion
2013,1307,0,154,steve_alford
2013,1308,0,154,marvin_menzies
2013,1309,0,154,mark_slessinger
2013,1310,0,154,joe_mihalich
2013,1311,0,154,j_p_piper
2013,1312,0,154,jim_engles
2013,1313,0,154,anthony_evans
2013,1314,0,154,roy_williams
2013,1315,0,154,brian_jones
2013,1316,0,154,matthew_driscoll
2013,1317,0,154,tony_benford
2013,1318,0,154,bill_coen
2013,1319,0,154,jack_murphy
2013,1320,0,154,ben_jacobson
2013,1321,0,154,bill_carmody
2013,1322,0,154,mike_mcconathy
2013,1323,0,154,mike_brey
2013,1324,0,154,greg_kampe
2013,1325,0,154,jim_christian
2013,1326,0,154,thad_matta
2013,1328,0,154,lon_kruger
2013,1329,0,154,travis_ford
2013,1330,0,91,blaine_taylor
2013,1330,92,154,jim_corrigan
2013,1331,0,154,scott_sutton
2013,1332,0,154,dana_altman
2013,1333,0,154,craig_robinson
2013,1334,0,154,bob_thomason
2013,1335,0,154,jerome_allen
2013,1336,0,154,patrick_chambers
2013,1337,0,154,marty_wilson
2013,1338,0,154,jamie_dixon
2013,1339,0,154,eric_reveno
2013,1340,0,154,tyler_geving
2013,1341,0,154,byron_rimm
2013,1342,0,154,gregg_nibert
2013,1343,0,154,mitch_henderson
2013,1344,0,154,ed_cooley
2013,1345,0,154,matt_painter
2013,1346,0,154,tom_moore
2013,1347,0,154,mike_jones
2013,1348,0,154,dan_hurley
2013,1349,0,154,ben_braun
2013,1350,0,154,chris_mooney
2013,1351,0,154,kevin_baggett
2013,1352,0,154,andrew_toole
2013,1353,0,154,mike_rice_jr
2013,1354,0,92,tim_carter
2013,1354,93,154,murray_garvin
2013,1355,0,154,scott_nagy
2013,1356,0,154,barry_hinson
2013,1357,0,154,dave_bike
2013,1358,0,154,jason_hooten
2013,1359,0,154,bennie_seltzer
2013,1360,0,154,bill_grier
2013,1361,0,154,steve_fisher
2013,1362,0,154,rex_walters
2013,1363,0,154,george_nessman
2013,1364,0,154,bob_williams
2013,1365,0,154,kerry_keating
2013,1366,0,154,horace_broadnax
2013,1367,0,154,eddie_payne
2013,1368,0,154,jim_yarbrough
2013,1369,0,154,dickey_nutt
2013,1370,0,154,cameron_dollar
2013,1371,0,154,kevin_willard
2013,1372,0,154,danny_kaspar
2013,1373,0,154,mitch_buonaguro
2013,1374,0,154,larry_brown
2013,1375,0,43,ronnie_arrow
2013,1375,44,154,jeff_price
2013,1376,0,154,frank_martin
2013,1377,0,154,david_boots
2013,1378,0,154,stan_heath
2013,1379,0,154,donnie_tyndall
2013,1380,0,154,roman_banks
2013,1381,0,154,nick_robinson
2013,1382,0,154,mark_schmidt
2013,1383,0,154,glenn_braica
2013,1384,0,154,rob_krimmel
2013,1385,0,154,steve_lavin
2013,1386,0,154,phil_martelli
2013,1387,0,154,jim_crews
2013,1388,0,154,randy_bennett
2013,1389,0,154,john_dunne
2013,1390,0,154,johnny_dawkins
2013,1391,0,154,casey_alexander
2013,1392,0,154,steve_pikiell
2013,1393,0,154,jim_boeheim
2013,1394,0,154,willis_wilson
2013,1395,0,154,trent_johnson
2013,1396,0,154,fran_dunphy
2013,1397,0,154,cuonzo_martin
2013,1398,0,154,travis_williams
2013,1399,0,154,steve_payne
2013,1400,0,154,rick_barnes
2013,1401,0,154,billy_kennedy
2013,1402,0,154,doug_davalos
2013,1403,0,154,chris_walker
2013,1404,0,154,jason_james
2013,1405,0,154,tod_kowalczyk
2013,1406,0,154,pat_skerry
2013,1407,0,154,don_maestri
2013,1408,0,154,ed_conroy
2013,1409,0,154,danny_manning
2013,1410,0,154,ryan_marks
2013,1411,0,154,mike_davis
2013,1412,0,154,jerod_haase
2013,1413,0,154,jim_les
2013,1414,0,154,russ_turner
2013,1415,0,154,jim_wooldridge
2013,1416,0,154,donnie_jones
2013,1417,0,154,ben_howland
2013,1418,0,154,bob_marlin
2013,1419,0,154,keith_richard
2013,1420,0,154,aki_thomas
2013,1421,0,154,eddie_biedenbach
2013,1422,0,154,wes_miller
2013,1423,0,154,buzz_peterson
2013,1424,0,154,dave_rice
2013,1425,0,69,kevin_o'neill
2013,1425,70,154,bob_cantu
2013,1426,0,154,scott_cross
2013,1427,0,154,brooks_thompson
2013,1428,0,154,larry_krystkowiak
2013,1429,0,154,stew_morrill
2013,1430,0,154,dick_hunsaker
2013,1431,0,154,tim_floyd
2013,1433,0,154,shaka_smart
2013,1434,0,154,bryce_drew
2013,1435,0,154,kevin_stallings
2013,1436,0,154,john_becker
2013,1437,0,154,jay_wright
2013,1438,0,154,tony_bennett
2013,1439,0,154,james_johnson
2013,1440,0,154,duggar_baucom
2013,1441,0,154,larry_hunter
2013,1442,0,154,jim_molinari
2013,1443,0,154,ray_harper
2013,1444,0,154,steve_hawkins
2013,1447,0,154,bashir_mason
2013,1448,0,154,jeff_bzdelik
2013,1449,0,154,lorenzo_romar
2013,1450,0,154,ken_bone
2013,1451,0,154,randy_rahe
2013,1452,0,154,bob_huggins
2013,1453,0,154,brian_wardle
2013,1454,0,154,rob_jeter
2013,1455,0,154,gregg_marshall
2013,1456,0,154,tony_shaver
2013,1457,0,154,pat_kelsey
2013,1458,0,154,bo_ryan
2013,1459,0,154,mike_young
2013,1460,0,154,billy_donlon
2013,1461,0,154,larry_shyatt
2013,1462,0,154,chris_mack
2013,1463,0,154,james_jones
2013,1464,0,154,jerry_slocum
2014,1101,0,154,joe_golding
2014,1102,0,154,dave_pilipovich
2014,1103,0,154,keith_dambrot
2014,1104,0,154,anthony_grant
2014,1105,0,154,willie_hayes
2014,1106,0,154,lewis_jackson
2014,1107,0,154,will_brown
2014,1108,0,154,luther_riley
2014,1110,0,154,mike_brennan
2014,1111,0,154,jason_capel
2014,1112,0,154,sean_miller
2014,1113,0,154,herb_sendek
2014,1114,0,154,steve_shields
2014,1115,0,154,george_ivory
2014,1116,0,154,mike_anderson
2014,1117,0,154,john_brady
2014,1119,0,154,zach_spiker
2014,1120,0,154,tony_barbee
2014,1122,0,154,dave_loos
2014,1123,0,154,james_whitford
2014,1124,0,154,scott_drew
2014,1125,0,154,rick_byrd
2014,1126,0,154,gravelle_craig
2014,1127,0,154,tommy_dempsey
2014,1129,0,154,leon_rice
2014,1130,0,154,steve_donahue
2014,1131,0,154,joe_jones
2014,1132,0,154,louis_orr
2014,1133,0,154,geno_ford
2014,1135,0,154,mike_martin_brn
2014,1136,0,154,tim_o'shea
2014,1137,0,154,david_paulsen
2014,1138,0,154,bobby_hurley
2014,1139,0,154,brandon_miller
2014,1140,0,154,dave_rose
2014,1141,0,154,keno_davis
2014,1142,0,154,joe_callero
2014,1143,0,154,mike_montgomery
2014,1144,0,154,kevin_mcgeehan
2014,1145,0,154,jim_baron
2014,1146,0,154,clarence_finley
2014,1148,0,154,howie_dickenman
2014,1149,0,154,barclay_radebaugh
2014,1150,0,154,alan_major
2014,1151,0,154,will_wade
2014,1152,0,154,tracy_dildy
2014,1153,0,154,mick_cronin
2014,1154,0,154,chuck_driesell
2014,1155,0,154,brad_brownell
2014,1156,0,154,gary_waters
2014,1157,0,154,cliff_ellis
2014,1158,0,154,doug_wojcik
2014,1159,0,154,matt_langel
2014,1160,0,154,tad_boyle
2014,1161,0,154,larry_eustachy
2014,1162,0,154,kyle_smith
2014,1163,0,154,kevin_ollie
2014,1164,0,154,fang_mitchell
2014,1165,0,154,bill_courtney
2014,1166,0,154,greg_mcdermott
2014,1167,0,154,rod_barnes
2014,1168,0,154,dedrique_taylor
2014,1169,0,154,reggie_theus
2014,1170,0,154,brian_katz
2014,1171,0,154,paul_cormier
2014,1172,0,154,bob_mckillop
2014,1173,0,154,archie_miller
2014,1174,0,154,monte_ross
2014,1175,0,86,greg_jackson
2014,1175,87,154,keith_walker
2014,1176,0,154,joe_scott
2014,1177,0,154,oliver_purnell
2014,1178,0,154,ray_mccallum
2014,1179,0,154,ray_giacoletti
2014,1180,0,154,bruiser_flint
2014,1181,0,154,mike_krzyzewski
2014,1182,0,154,jim_ferry
2014,1183,0,154,jay_spoonhour
2014,1184,0,154,jeff_neubauer
2014,1185,0,154,rob_murphy
2014,1186,0,154,jim_hayford
2014,1187,0,154,jeff_lebo
2014,1188,0,154,lennox_forrester
2014,1189,0,154,matt_matheny
2014,1190,0,154,murry_bartow
2014,1191,0,154,marty_simmons
2014,1192,0,154,greg_herenda
2014,1193,0,154,sydney_johnson
2014,1194,0,154,mike_jarvis
2014,1195,0,154,joe_dooley
2014,1196,0,154,billy_donovan
2014,1197,0,154,clemon_johnson
2014,1198,0,154,anthony_evans
2014,1199,0,154,leonard_hamilton
2014,1200,0,154,tom_pecora
2014,1201,0,154,rodney_terry
2014,1202,0,154,niko_medved
2014,1203,0,154,mike_lonergan
2014,1204,0,154,mark_byington
2014,1205,0,154,tim_craft
2014,1206,0,154,paul_hewitt
2014,1207,0,154,john_thompson_iii
2014,1208,0,154,mark_fox
2014,1209,0,154,ron_hunter
2014,1210,0,154,brian_gregory
2014,1211,0,154,mark_few
2014,1212,0,154,joseph_price
2014,1213,0,154,dan_majerle
2014,1214,0,154,edward_joyner
2014,1216,0,154,john_gallagher
2014,1217,0,154,tommy_amaker
2014,1218,0,154,gib_arnold
2014,1219,0,154,scott_cherry
2014,1220,0,154,joe_mihalich
2014,1221,0,154,milan_brown
2014,1222,0,154,james_dickey
2014,1223,0,154,ron_cottrell
2014,1224,0,154,kevin_nickelberry
2014,1225,0,154,don_verlin
2014,1226,0,154,bill_evans
2014,1227,0,154,howard_moore
2014,1228,0,154,john_groce
2014,1229,0,154,dan_muller
2014,1230,0,154,ken_burmeister
2014,1231,0,154,tom_crean
2014,1232,0,154,greg_lansing
2014,1233,0,154,tim_cluess
2014,1234,0,154,fran_mccaffery
2014,1235,0,154,fred_hoiberg
2014,1236,0,154,tony_jasick
2014,1237,0,154,todd_howard
2014,1238,0,154,wayne_brent
2014,1239,0,154,cliff_warren
2014,1240,0,154,james_green
2014,1241,0,154,matt_brady
2014,1242,0,154,bill_self
2014,1243,0,154,bruce_weber
2014,1244,0,154,lewis_preston
2014,1245,0,154,rob_senderoff
2014,1246,0,154,john_calipari
2014,1247,0,154,john_giannini
2014,1248,0,154,fran_o'hanlon
2014,1249,0,103,pat_knight
2014,1249,104,154,tic_price
2014,1250,0,154,brett_reed
2014,1251,0,154,dale_layer
2014,1252,0,154,casey_alexander
2014,1253,0,154,dan_monson
2014,1254,0,154,jack_perri
2014,1255,0,154,jayson_gee
2014,1256,0,154,michael_white
2014,1257,0,154,rick_pitino
2014,1258,0,154,max_good
2014,1259,0,154,g_g_smith
2014,1260,0,154,porter_moser
2014,1261,0,154,johnny_jones
2014,1262,0,154,pat_duquette
2014,1263,0,154,ted_woodward
2014,1264,0,154,steve_masiello
2014,1265,0,154,jeff_bower
2014,1266,0,154,buzz_williams
2014,1267,0,154,tom_herrion
2014,1268,0,154,mark_turgeon
2014,1269,0,154,derek_kellogg
2014,1270,0,154,dave_simmons
2014,1271,0,154,frankie_allen
2014,1272,0,154,josh_pastner
2014,1273,0,154,bob_hoffman
2014,1274,0,154,jim_larranaga
2014,1275,0,154,john_cooper
2014,1276,0,154,john_beilein
2014,1277,0,154,tom_izzo
2014,1278,0,154,richard_pitino
2014,1279,0,154,andy_kennedy
2014,1280,0,154,rick_ray
2014,1281,0,154,frank_haith
2014,1282,0,154,kareem_richardson
2014,1283,0,154,paul_lusk
2014,1284,0,154,king_rice
2014,1285,0,154,wayne_tinkle
2014,1286,0,154,brad_huse
2014,1287,0,154,sean_woods
2014,1288,0,154,todd_bozeman
2014,1290,0,154,chico_potts
2014,1291,0,154,jamion_christian
2014,1292,0,154,kermit_davis
2014,1293,0,154,steve_prohm
2014,1294,0,154,b_j_hill
2014,1295,0,154,saul_phillips
2014,1296,0,154,mark_montgomery
2014,1297,0,154,dave_bezold
2014,1298,0,154,ed_dechellis
2014,1299,0,154,cy_alexander
2014,1300,0,154,levelle_moton
2014,1301,0,154,mark_gottfried
2014,1303,0,154,derrin_hansen
2014,1304,0,154,tim_miles
2014,1305,0,154,david_carter
2014,1306,0,154,bill_herrion
2014,1307,0,154,craig_neal
2014,1308,0,154,marvin_menzies
2014,1309,0,154,mark_slessinger
2014,1310,0,154,chris_casey
2014,1311,0,154,j_p_piper
2014,1312,0,154,jim_engles
2014,1313,0,154,robert_jones
2014,1314,0,154,roy_williams
2014,1315,0,154,brian_jones
2014,1316,0,154,matthew_driscoll
2014,1317,0,154,tony_benford
2014,1318,0,154,bill_coen
2014,1319,0,154,jack_murphy
2014,1320,0,154,ben_jacobson
2014,1321,0,154,chris_collins
2014,1322,0,154,mike_mcconathy
2014,1323,0,154,mike_brey
2014,1324,0,154,greg_kampe
2014,1325,0,154,jim_christian
2014,1326,0,154,thad_matta
2014,1328,0,154,lon_kruger
2014,1329,0,154,travis_ford
2014,1330,0,154,jeff_a_jones
2014,1331,0,154,scott_sutton
2014,1332,0,154,dana_altman
2014,1333,0,154,craig_robinson
2014,1334,0,154,ron_verlin
2014,1335,0,154,jerome_allen
2014,1336,0,154,patrick_chambers
2014,1337,0,154,marty_wilson
2014,1338,0,154,jamie_dixon
2014,1339,0,154,eric_reveno
2014,1340,0,154,tyler_geving
2014,1341,0,154,byron_rimm
2014,1342,0,154,gregg_nibert
2014,1343,0,154,mitch_henderson
2014,1344,0,154,ed_cooley
2014,1345,0,154,matt_painter
2014,1346,0,154,tom_moore
2014,1347,0,154,mike_jones
2014,1348,0,154,dan_hurley
2014,1349,0,154,ben_braun
2014,1350,0,154,chris_mooney
2014,1351,0,154,kevin_baggett
2014,1352,0,154,andrew_toole
2014,1353,0,154,eddie_jordan
2014,1354,0,154,murray_garvin
2014,1355,0,154,scott_nagy
2014,1356,0,154,barry_hinson
2014,1357,0,154,anthony_latina
2014,1358,0,154,jason_hooten
2014,1359,0,154,bennie_seltzer
2014,1360,0,154,bill_grier
2014,1361,0,154,steve_fisher
2014,1362,0,154,rex_walters
2014,1363,0,154,dave_wojcik
2014,1364,0,154,bob_williams
2014,1365,0,154,kerry_keating
2014,1366,0,154,horace_broadnax
2014,1367,0,154,eddie_payne
2014,1368,0,154,jim_yarbrough
2014,1369,0,154,dickey_nutt
2014,1370,0,154,cameron_dollar
2014,1371,0,154,kevin_willard
2014,1372,0,154,brad_underwood
2014,1373,0,154,jimmy_patsos
2014,1374,0,154,larry_brown
2014,1375,0,154,matthew_graves
2014,1376,0,154,frank_martin
2014,1377,0,154,joey_james
2014,1378,0,154,stan_heath
2014,1379,0,154,donnie_tyndall
2014,1380,0,154,roman_banks
2014,1381,0,154,nick_robinson
2014,1382,0,154,mark_schmidt
2014,1383,0,154,glenn_braica
2014,1384,0,154,rob_krimmel
2014,1385,0,154,steve_lavin
2014,1386,0,154,phil_martelli
2014,1387,0,154,jim_crews
2014,1388,0,154,randy_bennett
2014,1389,0,154,john_dunne
2014,1390,0,154,johnny_dawkins
2014,1391,0,154,corey_williams
2014,1392,0,154,steve_pikiell
2014,1393,0,154,jim_boeheim
2014,1394,0,154,willis_wilson
2014,1395,0,154,trent_johnson
2014,1396,0,154,fran_dunphy
2014,1397,0,154,cuonzo_martin
2014,1398,0,154,travis_williams
2014,1399,0,154,steve_payne
2014,1400,0,154,rick_barnes
2014,1401,0,154,billy_kennedy
2014,1402,0,154,danny_kaspar
2014,1403,0,154,tubby_smith
2014,1404,0,154,jason_james
2014,1405,0,154,tod_kowalczyk
2014,1406,0,154,pat_skerry
2014,1407,0,154,phil_cunningham
2014,1408,0,154,ed_conroy
2014,1409,0,154,danny_manning
2014,1410,0,154,dan_hipsher
2014,1411,0,154,mike_davis
2014,1412,0,154,jerod_haase
2014,1413,0,154,jim_les
2014,1414,0,154,russ_turner
2014,1415,0,154,jim_wooldridge
2014,1416,0,154,donnie_jones
2014,1417,0,154,steve_alford
2014,1418,0,154,bob_marlin
2014,1419,0,154,keith_richard
2014,1420,0,154,aki_thomas
2014,1421,0,154,nicholas_mcdevitt
2014,1422,0,154,wes_miller
2014,1423,0,154,buzz_peterson
2014,1424,0,154,dave_rice
2014,1425,0,154,andy_enfield
2014,1426,0,154,scott_cross
2014,1427,0,154,brooks_thompson
2014,1428,0,154,larry_krystkowiak
2014,1429,0,154,stew_morrill
2014,1430,0,154,dick_hunsaker
2014,1431,0,154,tim_floyd
2014,1433,0,154,shaka_smart
2014,1434,0,154,bryce_drew
2014,1435,0,154,kevin_stallings
2014,1436,0,154,john_becker
2014,1437,0,154,jay_wright
2014,1438,0,154,tony_bennett
2014,1439,0,154,james_johnson
2014,1440,0,154,duggar_baucom
2014,1441,0,154,larry_hunter
2014,1442,0,154,jim_molinari
2014,1443,0,154,ray_harper
2014,1444,0,154,steve_hawkins
2014,1447,0,154,bashir_mason
2014,1448,0,154,jeff_bzdelik
2014,1449,0,154,lorenzo_romar
2014,1450,0,154,ken_bone
2014,1451,0,154,randy_rahe
2014,1452,0,154,bob_huggins
2014,1453,0,154,brian_wardle
2014,1454,0,154,rob_jeter
2014,1455,0,154,gregg_marshall
2014,1456,0,154,tony_shaver
2014,1457,0,154,pat_kelsey
2014,1458,0,154,bo_ryan
2014,1459,0,154,mike_young
2014,1460,0,154,billy_donlon
2014,1461,0,154,larry_shyatt
2014,1462,0,154,chris_mack
2014,1463,0,154,james_jones
2014,1464,0,154,jerry_slocum
2015,1101,0,154,joe_golding
2015,1102,0,154,dave_pilipovich
2015,1103,0,154,keith_dambrot
2015,1104,0,154,anthony_grant
2015,1105,0,154,willie_hayes
2015,1106,0,154,lewis_jackson
2015,1107,0,154,will_brown
2015,1108,0,154,luther_riley
2015,1110,0,154,mike_brennan
2015,1111,0,154,jim_fox
2015,1112,0,154,sean_miller
2015,1113,0,154,herb_sendek
2015,1114,0,154,steve_shields
2015,1115,0,154,george_ivory
2015,1116,0,154,mike_anderson
2015,1117,0,154,john_brady
2015,1119,0,154,zach_spiker
2015,1120,0,154,bruce_pearl
2015,1122,0,154,dave_loos
2015,1123,0,154,james_whitford
2015,1124,0,154,scott_drew
2015,1125,0,154,rick_byrd
2015,1126,0,154,gravelle_craig
2015,1127,0,154,tommy_dempsey
2015,1129,0,154,leon_rice
2015,1130,0,154,jim_christian
2015,1131,0,154,joe_jones
2015,1132,0,154,chris_jans
2015,1133,0,154,geno_ford
2015,1135,0,154,mike_martin_brn
2015,1136,0,154,tim_o'shea
2015,1137,0,154,david_paulsen
2015,1138,0,154,bobby_hurley
2015,1139,0,154,chris_holtmann
2015,1140,0,154,dave_rose
2015,1141,0,154,keno_davis
2015,1142,0,154,joe_callero
2015,1143,0,154,cuonzo_martin
2015,1144,0,154,kevin_mcgeehan
2015,1145,0,154,jim_baron
2015,1146,0,154,russ_pennell
2015,1148,0,154,howie_dickenman
2015,1149,0,154,barclay_radebaugh
2015,1150,0,154,alan_major
2015,1151,0,154,will_wade
2015,1152,0,154,tracy_dildy
2015,1153,0,154,mick_cronin
2015,1154,0,154,chuck_driesell
2015,1155,0,154,brad_brownell
2015,1156,0,154,gary_waters
2015,1157,0,154,cliff_ellis
2015,1158,0,154,earl_grant
2015,1159,0,154,matt_langel
2015,1160,0,154,tad_boyle
2015,1161,0,154,larry_eustachy
2015,1162,0,154,kyle_smith
2015,1163,0,154,kevin_ollie
2015,1164,0,154,michael_grant
2015,1165,0,154,bill_courtney
2015,1166,0,154,greg_mcdermott
2015,1167,0,154,rod_barnes
2015,1168,0,154,dedrique_taylor
2015,1169,0,154,reggie_theus
2015,1170,0,154,brian_katz
2015,1171,0,154,paul_cormier
2015,1172,0,154,bob_mckillop
2015,1173,0,154,archie_miller
2015,1174,0,154,monte_ross
2015,1175,0,154,keith_walker
2015,1176,0,154,joe_scott
2015,1177,0,154,oliver_purnell
2015,1178,0,154,ray_mccallum
2015,1179,0,154,ray_giacoletti
2015,1180,0,154,bruiser_flint
2015,1181,0,154,mike_krzyzewski
2015,1182,0,154,jim_ferry
2015,1183,0,154,jay_spoonhour
2015,1184,0,154,jeff_neubauer
2015,1185,0,154,rob_murphy
2015,1186,0,154,jim_hayford
2015,1187,0,154,jeff_lebo
2015,1188,0,154,lennox_forrester
2015,1189,0,154,matt_matheny
2015,1190,0,154,murry_bartow
2015,1191,0,154,marty_simmons
2015,1192,0,154,greg_herenda
2015,1193,0,154,sydney_johnson
2015,1194,0,154,michael_curry
2015,1195,0,154,joe_dooley
2015,1196,0,154,billy_donovan
2015,1197,0,154,byron_samuels
2015,1198,0,154,anthony_evans
2015,1199,0,154,leonard_hamilton
2015,1200,0,154,tom_pecora
2015,1201,0,154,rodney_terry
2015,1202,0,154,niko_medved
2015,1203,0,154,mike_lonergan
2015,1204,0,154,mark_byington
2015,1205,0,154,tim_craft
2015,1206,0,154,paul_hewitt
2015,1207,0,154,john_thompson_iii
2015,1208,0,154,mark_fox
2015,1209,0,154,ron_hunter
2015,1210,0,154,brian_gregory
2015,1211,0,154,mark_few
2015,1212,0,154,shawn_walker
2015,1213,0,154,dan_majerle
2015,1214,0,154,edward_joyner
2015,1216,0,154,john_gallagher
2015,1217,0,154,tommy_amaker
2015,1218,0,154,benjy_taylor
2015,1219,0,154,scott_cherry
2015,1220,0,154,joe_mihalich
2015,1221,0,154,milan_brown
2015,1222,0,154,kelvin_sampson
2015,1223,0,154,ron_cottrell
2015,1224,0,154,kevin_nickelberry
2015,1225,0,154,don_verlin
2015,1226,0,154,bill_evans
2015,1227,0,154,howard_moore
2015,1228,0,154,john_groce
2015,1229,0,154,dan_muller
2015,1230,0,154,ken_burmeister
2015,1231,0,154,tom_crean
2015,1232,0,154,greg_lansing
2015,1233,0,154,tim_cluess
2015,1234,0,154,fran_mccaffery
2015,1235,0,154,fred_hoiberg
2015,1236,0,154,jon_coffman
2015,1237,0,154,jason_gardner
2015,1238,0,154,wayne_brent
2015,1239,0,154,tony_jasick
2015,1240,0,154,james_green
2015,1241,0,154,matt_brady
2015,1242,0,154,bill_self
2015,1243,0,154,bruce_weber
2015,1244,0,154,jimmy_lallathin
2015,1245,0,154,rob_senderoff
2015,1246,0,154,john_calipari
2015,1247,0,154,john_giannini
2015,1248,0,154,fran_o'hanlon
2015,1249,0,154,tic_price
2015,1250,0,154,brett_reed
2015,1251,0,154,dale_layer
2015,1252,0,154,casey_alexander
2015,1253,0,154,dan_monson
2015,1254,0,154,jack_perri
2015,1255,0,154,jayson_gee
2015,1256,0,154,michael_white
2015,1257,0,154,rick_pitino
2015,1258,0,154,mike_dunlap
2015,1259,0,154,g_g_smith
2015,1260,0,154,porter_moser
2015,1261,0,154,johnny_jones
2015,1262,0,154,pat_duquette
2015,1263,0,154,bob_walsh
2015,1264,0,154,steve_masiello
2015,1265,0,154,mike_maker
2015,1266,0,154,steve_wojciechowski
2015,1267,0,154,dan_d'antoni
2015,1268,0,154,mark_turgeon
2015,1269,0,154,derek_kellogg
2015,1270,0,154,dave_simmons
2015,1271,0,154,bobby_collins
2015,1272,0,154,josh_pastner
2015,1273,0,154,bob_hoffman
2015,1274,0,154,jim_larranaga
2015,1275,0,154,john_cooper
2015,1276,0,154,john_beilein
2015,1277,0,154,tom_izzo
2015,1278,0,154,richard_pitino
2015,1279,0,154,andy_kennedy
2015,1280,0,154,rick_ray
2015,1281,0,154,kim_anderson
2015,1282,0,154,kareem_richardson
2015,1283,0,154,paul_lusk
2015,1284,0,154,king_rice
2015,1285,0,154,travis_decuire
2015,1286,0,154,brian_fish
2015,1287,0,154,sean_woods
2015,1288,0,154,todd_bozeman
2015,1290,0,154,andre_payne
2015,1291,0,154,jamion_christian
2015,1292,0,154,kermit_davis
2015,1293,0,154,steve_prohm
2015,1294,0,154,b_j_hill
2015,1295,0,154,david_richman
2015,1296,0,154,mark_montgomery
2015,1297,0,154,dave_bezold
2015,1298,0,154,ed_dechellis
2015,1299,0,154,cy_alexander
2015,1300,0,154,levelle_moton
2015,1301,0,154,mark_gottfried
2015,1303,0,154,derrin_hansen
2015,1304,0,154,tim_miles
2015,1305,0,154,david_carter
2015,1306,0,154,bill_herrion
2015,1307,0,154,craig_neal
2015,1308,0,154,marvin_menzies
2015,1309,0,154,mark_slessinger
2015,1310,0,154,chris_casey
2015,1311,0,154,j_p_piper
2015,1312,0,154,jim_engles
2015,1313,0,154,robert_jones
2015,1314,0,154,roy_williams
2015,1315,0,154,brian_jones
2015,1316,0,154,matthew_driscoll
2015,1317,0,154,tony_benford
2015,1318,0,154,bill_coen
2015,1319,0,154,jack_murphy
2015,1320,0,154,ben_jacobson
2015,1321,0,154,chris_collins
2015,1322,0,154,mike_mcconathy
2015,1323,0,154,mike_brey
2015,1324,0,154,greg_kampe
2015,1325,0,154,saul_phillips
2015,1326,0,154,thad_matta
2015,1328,0,154,lon_kruger
2015,1329,0,154,travis_ford
2015,1330,0,154,jeff_a_jones
2015,1331,0,154,scott_sutton
2015,1332,0,154,dana_altman
2015,1333,0,154,wayne_tinkle
2015,1334,0,154,ron_verlin
2015,1335,0,154,jerome_allen
2015,1336,0,154,patrick_chambers
2015,1337,0,154,marty_wilson
2015,1338,0,154,jamie_dixon
2015,1339,0,154,eric_reveno
2015,1340,0,154,tyler_geving
2015,1341,0,154,byron_rimm
2015,1342,0,154,gregg_nibert
2015,1343,0,154,mitch_henderson
2015,1344,0,154,ed_cooley
2015,1345,0,154,matt_painter
2015,1346,0,154,tom_moore
2015,1347,0,154,mike_jones
2015,1348,0,154,dan_hurley
2015,1349,0,154,mike_rhoades
2015,1350,0,154,chris_mooney
2015,1351,0,154,kevin_baggett
2015,1352,0,154,andrew_toole
2015,1353,0,154,eddie_jordan
2015,1354,0,154,murray_garvin
2015,1355,0,154,scott_nagy
2015,1356,0,154,barry_hinson
2015,1357,0,154,anthony_latina
2015,1358,0,154,jason_hooten
2015,1359,0,154,scott_padgett
2015,1360,0,154,bill_grier
2015,1361,0,154,steve_fisher
2015,1362,0,154,rex_walters
2015,1363,0,154,dave_wojcik
2015,1364,0,154,bob_williams
2015,1365,0,154,kerry_keating
2015,1366,0,154,horace_broadnax
2015,1367,0,154,eddie_payne
2015,1368,0,154,jay_ladner
2015,1369,0,154,dickey_nutt
2015,1370,0,154,cameron_dollar
2015,1371,0,154,kevin_willard
2015,1372,0,154,brad_underwood
2015,1373,0,154,jimmy_patsos
2015,1374,0,154,larry_brown
2015,1375,0,154,matthew_graves
2015,1376,0,154,frank_martin
2015,1377,0,154,craig_smith
2015,1378,0,154,orlando_antigua
2015,1379,0,154,doc_sadler
2015,1380,0,154,roman_banks
2015,1381,0,154,nick_robinson
2015,1382,0,154,mark_schmidt
2015,1383,0,154,glenn_braica
2015,1384,0,154,rob_krimmel
2015,1385,0,154,steve_lavin
2015,1386,0,154,phil_martelli
2015,1387,0,154,jim_crews
2015,1388,0,154,randy_bennett
2015,1389,0,154,john_dunne
2015,1390,0,154,johnny_dawkins
2015,1391,0,154,corey_williams
2015,1392,0,154,steve_pikiell
2015,1393,0,154,jim_boeheim
2015,1394,0,154,willis_wilson
2015,1395,0,154,trent_johnson
2015,1396,0,154,fran_dunphy
2015,1397,0,154,donnie_tyndall
2015,1398,0,154,dana_ford
2015,1399,0,154,steve_payne
2015,1400,0,154,rick_barnes
2015,1401,0,154,billy_kennedy
2015,1402,0,154,danny_kaspar
2015,1403,0,154,tubby_smith
2015,1404,0,154,heath_schroyer
2015,1405,0,154,tod_kowalczyk
2015,1406,0,154,pat_skerry
2015,1407,0,154,phil_cunningham
2015,1408,0,154,ed_conroy
2015,1409,0,154,frank_haith
2015,1410,0,154,dan_hipsher
2015,1411,0,154,mike_davis
2015,1412,0,154,jerod_haase
2015,1413,0,154,jim_les
2015,1414,0,154,russ_turner
2015,1415,0,154,dennis_cutts
2015,1416,0,154,donnie_jones
2015,1417,0,154,steve_alford
2015,1418,0,154,bob_marlin
2015,1419,0,154,keith_richard
2015,1420,0,154,aki_thomas
2015,1421,0,154,nicholas_mcdevitt
2015,1422,0,154,wes_miller
2015,1423,0,154,kevin_keatts
2015,1424,0,154,dave_rice
2015,1425,0,154,andy_enfield
2015,1426,0,154,scott_cross
2015,1427,0,154,brooks_thompson
2015,1428,0,154,larry_krystkowiak
2015,1429,0,154,stew_morrill
2015,1430,0,154,dick_hunsaker
2015,1431,0,154,tim_floyd
2015,1433,0,154,shaka_smart
2015,1434,0,154,bryce_drew
2015,1435,0,154,kevin_stallings
2015,1436,0,154,john_becker
2015,1437,0,154,jay_wright
2015,1438,0,154,tony_bennett
2015,1439,0,154,buzz_williams
2015,1440,0,154,duggar_baucom
2015,1441,0,154,larry_hunter
2015,1442,0,154,bill_wright
2015,1443,0,154,ray_harper
2015,1444,0,154,steve_hawkins
2015,1447,0,154,bashir_mason
2015,1448,0,154,danny_manning
2015,1449,0,154,lorenzo_romar
2015,1450,0,154,ernie_kent
2015,1451,0,154,randy_rahe
2015,1452,0,154,bob_huggins
2015,1453,0,154,brian_wardle
2015,1454,0,154,rob_jeter
2015,1455,0,154,gregg_marshall
2015,1456,0,154,tony_shaver
2015,1457,0,154,pat_kelsey
2015,1458,0,154,bo_ryan
2015,1459,0,154,mike_young
2015,1460,0,154,billy_donlon
2015,1461,0,154,larry_shyatt
2015,1462,0,154,chris_mack
2015,1463,0,154,james_jones
2015,1464,0,154,jerry_slocum
2016,1101,0,154,joe_golding
2016,1102,0,154,dave_pilipovich
2016,1103,0,154,keith_dambrot
2016,1104,0,154,avery_johnson
2016,1105,0,154,willie_hayes
2016,1106,0,154,lewis_jackson
2016,1107,0,154,will_brown
2016,1108,0,154,montez_robinson
2016,1110,0,154,mike_brennan
2016,1111,0,154,jim_fox
2016,1112,0,154,sean_miller
2016,1113,0,154,bobby_hurley
2016,1114,0,154,chris_beard
2016,1115,0,154,george_ivory
2016,1116,0,154,mike_anderson
2016,1117,0,154,john_brady
2016,1119,0,154,zach_spiker
2016,1120,0,154,bruce_pearl
2016,1122,0,154,dave_loos
2016,1123,0,154,james_whitford
2016,1124,0,154,scott_drew
2016,1125,0,154,rick_byrd
2016,1126,0,154,gravelle_craig
2016,1127,0,154,tommy_dempsey
2016,1129,0,154,leon_rice
2016,1130,0,154,jim_christian
2016,1131,0,154,joe_jones
2016,1132,0,154,michael_huger
2016,1133,0,154,brian_wardle
2016,1135,0,154,mike_martin_brn
2016,1136,0,154,tim_o'shea
2016,1137,0,154,nathan_davis
2016,1138,0,154,nate_oats
2016,1139,0,154,chris_holtmann
2016,1140,0,154,dave_rose
2016,1141,0,154,keno_davis
2016,1142,0,154,joe_callero
2016,1143,0,154,cuonzo_martin
2016,1144,0,154,kevin_mcgeehan
2016,1145,0,154,jim_baron
2016,1146,0,154,russ_pennell
2016,1148,0,154,howie_dickenman
2016,1149,0,154,barclay_radebaugh
2016,1150,0,154,mark_price
2016,1151,0,154,matt_mccall
2016,1152,0,154,tracy_dildy
2016,1153,0,154,mick_cronin
2016,1154,0,154,duggar_baucom
2016,1155,0,154,brad_brownell
2016,1156,0,154,gary_waters
2016,1157,0,154,cliff_ellis
2016,1158,0,154,earl_grant
2016,1159,0,154,matt_langel
2016,1160,0,154,tad_boyle
2016,1161,0,154,larry_eustachy
2016,1162,0,154,kyle_smith
2016,1163,0,154,kevin_ollie
2016,1164,0,154,michael_grant
2016,1165,0,154,bill_courtney
2016,1166,0,154,greg_mcdermott
2016,1167,0,154,rod_barnes
2016,1168,0,154,dedrique_taylor
2016,1169,0,154,reggie_theus
2016,1170,0,154,brian_katz
2016,1171,0,154,paul_cormier
2016,1172,0,154,bob_mckillop
2016,1173,0,154,archie_miller
2016,1174,0,154,monte_ross
2016,1175,0,154,keith_walker
2016,1176,0,154,joe_scott
2016,1177,0,154,dave_leitao
2016,1178,0,154,ray_mccallum
2016,1179,0,154,ray_giacoletti
2016,1180,0,154,bruiser_flint
2016,1181,0,154,mike_krzyzewski
2016,1182,0,154,jim_ferry
2016,1183,0,154,jay_spoonhour
2016,1184,0,154,dan_mchale
2016,1185,0,154,rob_murphy
2016,1186,0,154,jim_hayford
2016,1187,0,154,jeff_lebo
2016,1188,0,154,jon_harris
2016,1189,0,154,matt_matheny
2016,1190,0,154,steve_forbes
2016,1191,0,154,marty_simmons
2016,1192,0,154,greg_herenda
2016,1193,0,154,sydney_johnson
2016,1194,0,154,michael_curry
2016,1195,0,154,joe_dooley
2016,1196,0,154,michael_white
2016,1197,0,154,byron_samuels
2016,1198,0,154,anthony_evans
2016,1199,0,154,leonard_hamilton
2016,1200,0,154,jeff_neubauer
2016,1201,0,154,rodney_terry
2016,1202,0,154,niko_medved
2016,1203,0,154,mike_lonergan
2016,1204,0,154,mark_byington
2016,1205,0,154,tim_craft
2016,1206,0,154,dave_paulsen
2016,1207,0,154,john_thompson_iii
2016,1208,0,154,mark_fox
2016,1209,0,154,ron_hunter
2016,1210,0,154,brian_gregory
2016,1211,0,154,mark_few
2016,1212,0,154,shawn_walker
2016,1213,0,154,dan_majerle
2016,1214,0,154,edward_joyner
2016,1216,0,154,john_gallagher
2016,1217,0,154,tommy_amaker
2016,1218,0,154,eran_ganot
2016,1219,0,154,scott_cherry
2016,1220,0,154,joe_mihalich
2016,1221,0,154,bill_carmody
2016,1222,0,154,kelvin_sampson
2016,1223,0,154,ron_cottrell
2016,1224,0,154,kevin_nickelberry
2016,1225,0,154,don_verlin
2016,1226,0,154,bill_evans
2016,1227,0,154,steve_mcclain
2016,1228,0,154,john_groce
2016,1229,0,154,dan_muller
2016,1230,0,154,ken_burmeister
2016,1231,0,154,tom_crean
2016,1232,0,154,greg_lansing
2016,1233,0,154,tim_cluess
2016,1234,0,154,fran_mccaffery
2016,1235,0,154,steve_prohm
2016,1236,0,154,jon_coffman
2016,1237,0,154,jason_gardner
2016,1238,0,154,wayne_brent
2016,1239,0,154,tony_jasick
2016,1240,0,154,james_green
2016,1241,0,154,matt_brady
2016,1242,0,154,bill_self
2016,1243,0,154,bruce_weber
2016,1244,0,154,al_skinner
2016,1245,0,154,rob_senderoff
2016,1246,0,154,john_calipari
2016,1247,0,154,john_giannini
2016,1248,0,154,fran_o'hanlon
2016,1249,0,154,tic_price
2016,1250,0,154,brett_reed
2016,1251,0,154,ritchie_mckay
2016,1252,0,154,casey_alexander
2016,1253,0,154,dan_monson
2016,1254,0,154,jack_perri
2016,1255,0,154,jayson_gee
2016,1256,0,154,eric_konkol
2016,1257,0,154,rick_pitino
2016,1258,0,154,mike_dunlap
2016,1259,0,154,g_g_smith
2016,1260,0,154,porter_moser
2016,1261,0,154,johnny_jones
2016,1262,0,154,pat_duquette
2016,1263,0,154,bob_walsh
2016,1264,0,154,steve_masiello
2016,1265,0,154,mike_maker
2016,1266,0,154,steve_wojciechowski
2016,1267,0,154,dan_d'antoni
2016,1268,0,154,mark_turgeon
2016,1269,0,154,derek_kellogg
2016,1270,0,154,dave_simmons
2016,1271,0,154,bobby_collins
2016,1272,0,154,josh_pastner
2016,1273,0,154,bob_hoffman
2016,1274,0,154,jim_larranaga
2016,1275,0,154,john_cooper
2016,1276,0,154,john_beilein
2016,1277,0,154,tom_izzo
2016,1278,0,154,richard_pitino
2016,1279,0,154,andy_kennedy
2016,1280,0,154,ben_howland
2016,1281,0,154,kim_anderson
2016,1282,0,154,kareem_richardson
2016,1283,0,154,paul_lusk
2016,1284,0,154,king_rice
2016,1285,0,154,travis_decuire
2016,1286,0,154,brian_fish
2016,1287,0,154,sean_woods
2016,1288,0,154,todd_bozeman
2016,1290,0,154,andre_payne
2016,1291,0,154,jamion_christian
2016,1292,0,154,kermit_davis
2016,1293,0,154,matt_mcmahon
2016,1294,0,154,b_j_hill
2016,1295,0,154,david_richman
2016,1296,0,154,mark_montgomery
2016,1297,0,154,john_brannen
2016,1298,0,154,ed_dechellis
2016,1299,0,87,cy_alexander
2016,1299,88,154,jay_joyner
2016,1300,0,154,levelle_moton
2016,1301,0,154,mark_gottfried
2016,1303,0,154,derrin_hansen
2016,1304,0,154,tim_miles
2016,1305,0,154,eric_musselman
2016,1306,0,154,bill_herrion
2016,1307,0,154,craig_neal
2016,1308,0,154,marvin_menzies
2016,1309,0,154,mark_slessinger
2016,1310,0,154,chris_casey
2016,1311,0,154,j_p_piper
2016,1312,0,154,jim_engles
2016,1313,0,154,robert_jones
2016,1314,0,154,roy_williams
2016,1315,0,154,brian_jones
2016,1316,0,154,matthew_driscoll
2016,1317,0,154,tony_benford
2016,1318,0,154,bill_coen
2016,1319,0,154,jack_murphy
2016,1320,0,154,ben_jacobson
2016,1321,0,154,chris_collins
2016,1322,0,154,mike_mcconathy
2016,1323,0,154,mike_brey
2016,1324,0,154,greg_kampe
2016,1325,0,154,saul_phillips
2016,1326,0,154,thad_matta
2016,1328,0,154,lon_kruger
2016,1329,0,154,travis_ford
2016,1330,0,154,jeff_a_jones
2016,1331,0,154,scott_sutton
2016,1332,0,154,dana_altman
2016,1333,0,154,wayne_tinkle
2016,1334,0,154,ron_verlin
2016,1335,0,154,steve_donahue
2016,1336,0,154,patrick_chambers
2016,1337,0,154,marty_wilson
2016,1338,0,154,jamie_dixon
2016,1339,0,154,eric_reveno
2016,1340,0,154,tyler_geving
2016,1341,0,87,byron_rimm
2016,1341,88,154,byron_smith
2016,1342,0,154,gregg_nibert
2016,1343,0,154,mitch_henderson
2016,1344,0,154,ed_cooley
2016,1345,0,154,matt_painter
2016,1346,0,154,tom_moore
2016,1347,0,154,mike_jones
2016,1348,0,154,dan_hurley
2016,1349,0,154,mike_rhoades
2016,1350,0,154,chris_mooney
2016,1351,0,154,kevin_baggett
2016,1352,0,154,andrew_toole
2016,1353,0,154,eddie_jordan
2016,1354,0,154,murray_garvin
2016,1355,0,154,scott_nagy
2016,1356,0,154,barry_hinson
2016,1357,0,154,anthony_latina
2016,1358,0,154,jason_hooten
2016,1359,0,154,scott_padgett
2016,1360,0,154,lamont_smith
2016,1361,0,154,steve_fisher
2016,1362,0,154,rex_walters
2016,1363,0,154,dave_wojcik
2016,1364,0,154,bob_williams
2016,1365,0,154,kerry_keating
2016,1366,0,154,horace_broadnax
2016,1367,0,154,eddie_payne
2016,1368,0,154,jay_ladner
2016,1369,0,154,rick_ray
2016,1370,0,154,cameron_dollar
2016,1371,0,154,kevin_willard
2016,1372,0,154,brad_underwood
2016,1373,0,154,jimmy_patsos
2016,1374,0,154,larry_brown
2016,1375,0,154,matthew_graves
2016,1376,0,154,frank_martin
2016,1377,0,154,craig_smith
2016,1378,0,154,orlando_antigua
2016,1379,0,154,doc_sadler
2016,1380,0,154,roman_banks
2016,1381,0,154,nick_robinson
2016,1382,0,154,mark_schmidt
2016,1383,0,154,glenn_braica
2016,1384,0,154,rob_krimmel
2016,1385,0,154,chris_mullin
2016,1386,0,154,phil_martelli
2016,1387,0,154,jim_crews
2016,1388,0,154,randy_bennett
2016,1389,0,154,john_dunne
2016,1390,0,154,johnny_dawkins
2016,1391,0,154,corey_williams
2016,1392,0,154,steve_pikiell
2016,1393,0,154,jim_boeheim
2016,1394,0,154,willis_wilson
2016,1395,0,154,trent_johnson
2016,1396,0,154,fran_dunphy
2016,1397,0,154,rick_barnes
2016,1398,0,154,dana_ford
2016,1399,0,154,steve_payne
2016,1400,0,154,shaka_smart
2016,1401,0,154,billy_kennedy
2016,1402,0,154,danny_kaspar
2016,1403,0,154,tubby_smith
2016,1404,0,154,heath_schroyer
2016,1405,0,154,tod_kowalczyk
2016,1406,0,154,pat_skerry
2016,1407,0,154,phil_cunningham
2016,1408,0,154,ed_conroy
2016,1409,0,154,frank_haith
2016,1410,0,154,dan_hipsher
2016,1411,0,154,mike_davis
2016,1412,0,154,jerod_haase
2016,1413,0,154,jim_les
2016,1414,0,154,russ_turner
2016,1415,0,154,dennis_cutts
2016,1416,0,154,donnie_jones
2016,1417,0,154,steve_alford
2016,1418,0,154,bob_marlin
2016,1419,0,154,keith_richard
2016,1420,0,154,aki_thomas
2016,1421,0,154,nicholas_mcdevitt
2016,1422,0,154,wes_miller
2016,1423,0,154,kevin_keatts
2016,1424,0,69,dave_rice
2016,1424,70,154,todd_simon
2016,1425,0,154,andy_enfield
2016,1426,0,154,scott_cross
2016,1427,0,154,brooks_thompson
2016,1428,0,154,larry_krystkowiak
2016,1429,0,154,tim_duryea
2016,1430,0,154,mark_pope
2016,1431,0,154,tim_floyd
2016,1433,0,154,will_wade
2016,1434,0,154,bryce_drew
2016,1435,0,154,kevin_stallings
2016,1436,0,154,john_becker
2016,1437,0,154,jay_wright
2016,1438,0,154,tony_bennett
2016,1439,0,154,buzz_williams
2016,1440,0,154,dan_earl
2016,1441,0,154,larry_hunter
2016,1442,0,154,bill_wright
2016,1443,0,154,ray_harper
2016,1444,0,154,steve_hawkins
2016,1447,0,154,bashir_mason
2016,1448,0,154,danny_manning
2016,1449,0,154,lorenzo_romar
2016,1450,0,154,ernie_kent
2016,1451,0,154,randy_rahe
2016,1452,0,154,bob_huggins
2016,1453,0,154,linc_darner
2016,1454,0,154,rob_jeter
2016,1455,0,154,gregg_marshall
2016,1456,0,154,tony_shaver
2016,1457,0,154,pat_kelsey
2016,1458,0,44,bo_ryan
2016,1458,45,154,greg_gard
2016,1459,0,154,mike_young
2016,1460,0,154,billy_donlon
2016,1461,0,154,larry_shyatt
2016,1462,0,154,chris_mack
2016,1463,0,154,james_jones
2016,1464,0,154,jerry_slocum
2017,1101,0,154,joe_golding
2017,1102,0,154,dave_pilipovich
2017,1103,0,154,keith_dambrot
2017,1104,0,154,avery_johnson
2017,1105,0,154,willie_hayes
2017,1106,0,154,lewis_jackson
2017,1107,0,154,will_brown
2017,1108,0,154,montez_robinson
2017,1110,0,154,mike_brennan
2017,1111,0,154,jim_fox
2017,1112,0,154,sean_miller
2017,1113,0,154,bobby_hurley
2017,1114,0,154,wes_flanigan
2017,1115,0,154,george_ivory
2017,1116,0,154,mike_anderson
2017,1117,0,154,grant_mccasland
2017,1119,0,154,jimmy_allen
2017,1120,0,154,bruce_pearl
2017,1122,0,154,dave_loos
2017,1123,0,154,james_whitford
2017,1124,0,154,scott_drew
2017,1125,0,154,rick_byrd
2017,1126,0,154,gravelle_craig
2017,1127,0,154,tommy_dempsey
2017,1129,0,154,leon_rice
2017,1130,0,154,jim_christian
2017,1131,0,154,joe_jones
2017,1132,0,154,michael_huger
2017,1133,0,154,brian_wardle
2017,1135,0,154,mike_martin_brn
2017,1136,0,154,tim_o'shea
2017,1137,0,154,nathan_davis
2017,1138,0,154,nate_oats
2017,1139,0,154,chris_holtmann
2017,1140,0,154,dave_rose
2017,1141,0,154,keno_davis
2017,1142,0,154,joe_callero
2017,1143,0,154,cuonzo_martin
2017,1144,0,154,kevin_mcgeehan
2017,1145,0,154,reggie_witherspoon
2017,1146,0,154,russ_pennell
2017,1148,0,154,donyell_marshall
2017,1149,0,154,barclay_radebaugh
2017,1150,0,154,mark_price
2017,1151,0,154,matt_mccall
2017,1152,0,154,tracy_dildy
2017,1153,0,154,mick_cronin
2017,1154,0,154,duggar_baucom
2017,1155,0,154,brad_brownell
2017,1156,0,154,gary_waters
2017,1157,0,154,cliff_ellis
2017,1158,0,154,earl_grant
2017,1159,0,154,matt_langel
2017,1160,0,154,tad_boyle
2017,1161,0,154,larry_eustachy
2017,1162,0,154,jim_engles
2017,1163,0,154,kevin_ollie
2017,1164,0,154,michael_grant
2017,1165,0,154,brian_earl
2017,1166,0,154,greg_mcdermott
2017,1167,0,154,rod_barnes
2017,1168,0,154,dedrique_taylor
2017,1169,0,154,reggie_theus
2017,1170,0,154,brian_katz
2017,1171,0,154,david_mclaughlin
2017,1172,0,154,bob_mckillop
2017,1173,0,154,archie_miller
2017,1174,0,154,martin_ingelsby
2017,1175,0,154,keith_walker
2017,1176,0,154,rodney_billups
2017,1177,0,154,dave_leitao
2017,1178,0,154,bacari_alexander
2017,1179,0,36,ray_giacoletti
2017,1179,37,154,jeff_rutter
2017,1180,0,154,zach_spiker
2017,1181,0,154,mike_krzyzewski
2017,1182,0,154,jim_ferry
2017,1183,0,154,jay_spoonhour
2017,1184,0,154,dan_mchale
2017,1185,0,154,rob_murphy
2017,1186,0,154,jim_hayford
2017,1187,0,154,jeff_lebo
2017,1188,0,154,jon_harris
2017,1189,0,154,matt_matheny
2017,1190,0,154,steve_forbes
2017,1191,0,154,marty_simmons
2017,1192,0,154,greg_herenda
2017,1193,0,154,sydney_johnson
2017,1194,0,154,michael_curry
2017,1195,0,154,joe_dooley
2017,1196,0,154,michael_white
2017,1197,0,154,byron_samuels
2017,1198,0,154,anthony_evans
2017,1199,0,154,leonard_hamilton
2017,1200,0,154,jeff_neubauer
2017,1201,0,154,rodney_terry
2017,1202,0,154,niko_medved
2017,1203,0,154,maurice_joseph
2017,1204,0,154,mark_byington
2017,1205,0,154,tim_craft
2017,1206,0,154,dave_paulsen
2017,1207,0,154,john_thompson_iii
2017,1208,0,154,mark_fox
2017,1209,0,154,ron_hunter
2017,1210,0,154,josh_pastner
2017,1211,0,154,mark_few
2017,1212,0,154,shawn_walker
2017,1213,0,154,dan_majerle
2017,1214,0,154,edward_joyner
2017,1216,0,154,john_gallagher
2017,1217,0,154,tommy_amaker
2017,1218,0,154,eran_ganot
2017,1219,0,154,scott_cherry
2017,1220,0,154,joe_mihalich
2017,1221,0,154,bill_carmody
2017,1222,0,154,kelvin_sampson
2017,1223,0,154,ron_cottrell
2017,1224,0,154,kevin_nickelberry
2017,1225,0,154,don_verlin
2017,1226,0,154,bill_evans
2017,1227,0,154,steve_mcclain
2017,1228,0,131,john_groce
2017,1228,132,154,jamall_walker
2017,1229,0,154,dan_muller
2017,1230,0,154,ken_burmeister
2017,1231,0,154,tom_crean
2017,1232,0,154,greg_lansing
2017,1233,0,154,tim_cluess
2017,1234,0,154,fran_mccaffery
2017,1235,0,154,steve_prohm
2017,1236,0,154,jon_coffman
2017,1237,0,154,jason_gardner
2017,1238,0,154,wayne_brent
2017,1239,0,154,tony_jasick
2017,1240,0,154,ray_harper
2017,1241,0,154,louis_rowe
2017,1242,0,154,bill_self
2017,1243,0,154,bruce_weber
2017,1244,0,154,al_skinner
2017,1245,0,154,rob_senderoff
2017,1246,0,154,john_calipari
2017,1247,0,154,john_giannini
2017,1248,0,154,fran_o'hanlon
2017,1249,0,154,tic_price
2017,1250,0,154,brett_reed
2017,1251,0,154,ritchie_mckay
2017,1252,0,154,casey_alexander
2017,1253,0,154,dan_monson
2017,1254,0,154,jack_perri
2017,1255,0,154,jayson_gee
2017,1256,0,154,eric_konkol
2017,1257,0,154,rick_pitino
2017,1258,0,154,mike_dunlap
2017,1259,0,154,g_g_smith
2017,1260,0,154,porter_moser
2017,1261,0,154,johnny_jones
2017,1262,0,154,pat_duquette
2017,1263,0,154,bob_walsh
2017,1264,0,154,steve_masiello
2017,1265,0,154,mike_maker
2017,1266,0,154,steve_wojciechowski
2017,1267,0,154,dan_d'antoni
2017,1268,0,154,mark_turgeon
2017,1269,0,154,derek_kellogg
2017,1270,0,154,dave_simmons
2017,1271,0,154,bobby_collins
2017,1272,0,154,tubby_smith
2017,1273,0,154,bob_hoffman
2017,1274,0,154,jim_larranaga
2017,1275,0,154,john_cooper
2017,1276,0,154,john_beilein
2017,1277,0,154,tom_izzo
2017,1278,0,154,richard_pitino
2017,1279,0,154,andy_kennedy
2017,1280,0,154,ben_howland
2017,1281,0,154,kim_anderson
2017,1282,0,154,kareem_richardson
2017,1283,0,154,paul_lusk
2017,1284,0,154,king_rice
2017,1285,0,154,travis_decuire
2017,1286,0,154,brian_fish
2017,1287,0,22,sean_woods
2017,1287,23,154,preston_spradlin
2017,1288,0,154,todd_bozeman
2017,1290,0,154,andre_payne
2017,1291,0,154,jamion_christian
2017,1292,0,154,kermit_davis
2017,1293,0,154,matt_mcmahon
2017,1294,0,154,jeff_linder
2017,1295,0,154,david_richman
2017,1296,0,154,mark_montgomery
2017,1297,0,154,john_brannen
2017,1298,0,154,ed_dechellis
2017,1299,0,154,jay_joyner
2017,1300,0,154,levelle_moton
2017,1301,0,154,mark_gottfried
2017,1303,0,154,derrin_hansen
2017,1304,0,154,tim_miles
2017,1305,0,154,eric_musselman
2017,1306,0,154,bill_herrion
2017,1307,0,154,craig_neal
2017,1308,0,154,paul_weir
2017,1309,0,154,mark_slessinger
2017,1310,0,154,chris_casey
2017,1311,0,154,richie_riley
2017,1312,0,154,brian_kennedy
2017,1313,0,154,robert_jones
2017,1314,0,154,roy_williams
2017,1315,0,154,brian_jones
2017,1316,0,154,matthew_driscoll
2017,1317,0,154,tony_benford
2017,1318,0,154,bill_coen
2017,1319,0,154,jack_murphy
2017,1320,0,154,ben_jacobson
2017,1321,0,154,chris_collins
2017,1322,0,154,mike_mcconathy
2017,1323,0,154,mike_brey
2017,1324,0,154,greg_kampe
2017,1325,0,154,saul_phillips
2017,1326,0,154,thad_matta
2017,1328,0,154,lon_kruger
2017,1329,0,154,brad_underwood
2017,1330,0,154,jeff_a_jones
2017,1331,0,154,scott_sutton
2017,1332,0,154,dana_altman
2017,1333,0,154,wayne_tinkle
2017,1334,0,154,damon_stoudamire
2017,1335,0,154,steve_donahue
2017,1336,0,154,patrick_chambers
2017,1337,0,154,marty_wilson
2017,1338,0,154,kevin_stallings
2017,1339,0,154,terry_porter
2017,1340,0,154,tyler_geving
2017,1341,0,154,byron_smith
2017,1342,0,154,gregg_nibert
2017,1343,0,154,mitch_henderson
2017,1344,0,154,ed_cooley
2017,1345,0,154,matt_painter
2017,1346,0,154,tom_moore
2017,1347,0,154,mike_jones
2017,1348,0,154,dan_hurley
2017,1349,0,154,mike_rhoades
2017,1350,0,154,chris_mooney
2017,1351,0,154,kevin_baggett
2017,1352,0,154,andrew_toole
2017,1353,0,154,steve_pikiell
2017,1354,0,154,murray_garvin
2017,1355,0,154,t_j_otzelberger
2017,1356,0,154,barry_hinson
2017,1357,0,154,anthony_latina
2017,1358,0,154,jason_hooten
2017,1359,0,154,scott_padgett
2017,1360,0,154,lamont_smith
2017,1361,0,154,steve_fisher
2017,1362,0,154,kyle_smith
2017,1363,0,154,dave_wojcik
2017,1364,0,154,bob_williams
2017,1365,0,154,herb_sendek
2017,1366,0,154,horace_broadnax
2017,1367,0,154,eddie_payne
2017,1368,0,154,jay_ladner
2017,1369,0,154,rick_ray
2017,1370,0,154,cameron_dollar
2017,1371,0,154,kevin_willard
2017,1372,0,154,kyle_keller
2017,1373,0,154,jimmy_patsos
2017,1374,0,154,tim_jankovich
2017,1375,0,154,matthew_graves
2017,1376,0,154,frank_martin
2017,1377,0,154,craig_smith
2017,1378,0,64,orlando_antigua
2017,1378,65,154,murry_bartow
2017,1379,0,154,doc_sadler
2017,1380,0,154,roman_banks
2017,1381,0,154,todd_simon
2017,1382,0,154,mark_schmidt
2017,1383,0,154,glenn_braica
2017,1384,0,154,rob_krimmel
2017,1385,0,154,chris_mullin
2017,1386,0,154,phil_martelli
2017,1387,0,154,travis_ford
2017,1388,0,154,randy_bennett
2017,1389,0,154,john_dunne
2017,1390,0,154,jerod_haase
2017,1391,0,154,corey_williams
2017,1392,0,154,jeff_boals
2017,1393,0,154,jim_boeheim
2017,1394,0,154,willis_wilson
2017,1395,0,154,jamie_dixon
2017,1396,0,154,fran_dunphy
2017,1397,0,154,rick_barnes
2017,1398,0,154,dana_ford
2017,1399,0,154,steve_payne
2017,1400,0,154,shaka_smart
2017,1401,0,154,billy_kennedy
2017,1402,0,154,danny_kaspar
2017,1403,0,154,chris_beard
2017,1404,0,154,anthony_stewart
2017,1405,0,154,tod_kowalczyk
2017,1406,0,154,pat_skerry
2017,1407,0,154,phil_cunningham
2017,1408,0,154,ed_conroy
2017,1409,0,154,frank_haith
2017,1410,0,154,lew_hill
2017,1411,0,154,mike_davis
2017,1412,0,154,rob_ehsan
2017,1413,0,154,jim_les
2017,1414,0,154,russ_turner
2017,1415,0,154,dennis_cutts
2017,1416,0,154,johnny_dawkins
2017,1417,0,154,steve_alford
2017,1418,0,154,bob_marlin
2017,1419,0,154,keith_richard
2017,1420,0,154,ryan_odom
2017,1421,0,154,nicholas_mcdevitt
2017,1422,0,154,wes_miller
2017,1423,0,154,kevin_keatts
2017,1424,0,154,marvin_menzies
2017,1425,0,154,andy_enfield
2017,1426,0,154,scott_cross
2017,1427,0,154,steve_henson
2017,1428,0,154,larry_krystkowiak
2017,1429,0,154,tim_duryea
2017,1430,0,154,mark_pope
2017,1431,0,154,tim_floyd
2017,1433,0,154,will_wade
2017,1434,0,154,matt_lottich
2017,1435,0,154,bryce_drew
2017,1436,0,154,john_becker
2017,1437,0,154,jay_wright
2017,1438,0,154,tony_bennett
2017,1439,0,154,buzz_williams
2017,1440,0,154,dan_earl
2017,1441,0,154,larry_hunter
2017,1442,0,154,bill_wright
2017,1443,0,154,rick_stansbury
2017,1444,0,154,steve_hawkins
2017,1447,0,154,bashir_mason
2017,1448,0,154,danny_manning
2017,1449,0,154,lorenzo_romar
2017,1450,0,154,ernie_kent
2017,1451,0,154,randy_rahe
2017,1452,0,154,bob_huggins
2017,1453,0,154,linc_darner
2017,1454,0,154,lavall_jordan
2017,1455,0,154,gregg_marshall
2017,1456,0,154,tony_shaver
2017,1457,0,154,pat_kelsey
2017,1458,0,154,greg_gard
2017,1459,0,154,mike_young
2017,1460,0,154,scott_nagy
2017,1461,0,154,allen_edwards
2017,1462,0,154,chris_mack
2017,1463,0,154,james_jones
2017,1464,0,154,jerry_slocum
2018,1101,0,77,joe_golding
2018,1102,0,77,dave_pilipovich
2018,1103,0,77,john_groce
2018,1104,0,77,avery_johnson
2018,1105,0,77,donnie_marsh
2018,1106,0,77,lewis_jackson
2018,1107,0,77,will_brown
2018,1108,0,77,montez_robinson
2018,1110,0,77,mike_brennan
2018,1111,0,77,jim_fox
2018,1112,0,77,sean_miller
2018,1113,0,77,bobby_hurley
2018,1114,0,77,wes_flanigan
2018,1115,0,77,george_ivory
2018,1116,0,77,mike_anderson
2018,1117,0,77,mike_balado
2018,1119,0,77,jimmy_allen
2018,1120,0,77,bruce_pearl
2018,1122,0,77,matt_figger
2018,1123,0,77,james_whitford
2018,1124,0,77,scott_drew
2018,1125,0,77,rick_byrd
2018,1126,0,77,ryan_ridder
2018,1127,0,77,tommy_dempsey
2018,1129,0,77,leon_rice
2018,1130,0,77,jim_christian
2018,1131,0,77,joe_jones
2018,1132,0,77,michael_huger
2018,1133,0,77,brian_wardle
2018,1135,0,77,mike_martin_brn
2018,1136,0,77,tim_o'shea
2018,1137,0,77,nathan_davis
2018,1138,0,77,nate_oats
2018,1139,0,77,lavall_jordan
2018,1140,0,77,dave_rose
2018,1141,0,77,keno_davis
2018,1142,0,77,joe_callero
2018,1143,0,77,wyking_jones
2018,1144,0,77,kevin_mcgeehan
2018,1145,0,77,reggie_witherspoon
2018,1146,0,77,russ_pennell
2018,1148,0,77,donyell_marshall
2018,1149,0,77,barclay_radebaugh
2018,1150,0,44,mark_price
2018,1150,45,77,houston_fancher
2018,1151,0,77,lamont_paris
2018,1152,0,77,tracy_dildy
2018,1153,0,77,mick_cronin
2018,1154,0,77,duggar_baucom
2018,1155,0,77,brad_brownell
2018,1156,0,77,dennis_felton
2018,1157,0,77,cliff_ellis
2018,1158,0,77,earl_grant
2018,1159,0,77,matt_langel
2018,1160,0,77,tad_boyle
2018,1161,0,77,larry_eustachy
2018,1162,0,77,jim_engles
2018,1163,0,77,kevin_ollie
2018,1164,0,77,juan_dixon
2018,1165,0,77,brian_earl
2018,1166,0,77,greg_mcdermott
2018,1167,0,77,rod_barnes
2018,1168,0,77,dedrique_taylor
2018,1169,0,77,reggie_theus
2018,1170,0,77,brian_katz
2018,1171,0,77,david_mclaughlin
2018,1172,0,77,bob_mckillop
2018,1173,0,77,anthony_grant
2018,1174,0,77,martin_ingelsby
2018,1175,0,77,keith_walker
2018,1176,0,77,rodney_billups
2018,1177,0,77,dave_leitao
2018,1178,0,77,bacari_alexander
2018,1179,0,77,niko_medved
2018,1180,0,77,zach_spiker
2018,1181,0,77,mike_krzyzewski
2018,1182,0,77,keith_dambrot
2018,1183,0,77,jay_spoonhour
2018,1184,0,77,dan_mchale
2018,1185,0,77,rob_murphy
2018,1186,0,77,shantay_legans
2018,1187,0,30,jeff_lebo
2018,1187,31,77,michael_perry
2018,1188,0,77,jon_harris
2018,1189,0,77,matt_matheny
2018,1190,0,77,steve_forbes
2018,1191,0,77,marty_simmons
2018,1192,0,77,greg_herenda
2018,1193,0,77,sydney_johnson
2018,1194,0,77,michael_curry
2018,1195,0,77,joe_dooley
2018,1196,0,77,michael_white
2018,1197,0,77,robert_mccullum
2018,1198,0,77,anthony_evans
2018,1199,0,77,leonard_hamilton
2018,1200,0,77,jeff_neubauer
2018,1201,0,77,rodney_terry
2018,1202,0,77,bob_richey
2018,1203,0,77,maurice_joseph
2018,1204,0,77,mark_byington
2018,1205,0,77,tim_craft
2018,1206,0,77,dave_paulsen
2018,1207,0,77,patrick_ewing
2018,1208,0,77,mark_fox
2018,1209,0,77,ron_hunter
2018,1210,0,77,josh_pastner
2018,1211,0,77,mark_few
2018,1212,0,77,donte_jackson
2018,1213,0,77,dan_majerle
2018,1214,0,77,edward_joyner
2018,1216,0,77,john_gallagher
2018,1217,0,77,tommy_amaker
2018,1218,0,77,eran_ganot
2018,1219,0,77,scott_cherry
2018,1220,0,77,joe_mihalich
2018,1221,0,77,bill_carmody
2018,1222,0,77,kelvin_sampson
2018,1223,0,77,ron_cottrell
2018,1224,0,77,kevin_nickelberry
2018,1225,0,77,don_verlin
2018,1226,0,77,bill_evans
2018,1227,0,77,steve_mcclain
2018,1228,0,77,brad_underwood
2018,1229,0,77,dan_muller
2018,1230,0,77,ken_burmeister
2018,1231,0,77,archie_miller
2018,1232,0,77,greg_lansing
2018,1233,0,77,tim_cluess
2018,1234,0,77,fran_mccaffery
2018,1235,0,77,steve_prohm
2018,1236,0,77,jon_coffman
2018,1237,0,77,jason_gardner
2018,1238,0,77,wayne_brent
2018,1239,0,77,tony_jasick
2018,1240,0,77,ray_harper
2018,1241,0,77,louis_rowe
2018,1242,0,77,bill_self
2018,1243,0,77,bruce_weber
2018,1244,0,77,al_skinner
2018,1245,0,77,rob_senderoff
2018,1246,0,77,john_calipari
2018,1247,0,77,john_giannini
2018,1248,0,77,fran_o'hanlon
2018,1249,0,77,tic_price
2018,1250,0,77,brett_reed
2018,1251,0,77,ritchie_mckay
2018,1252,0,77,casey_alexander
2018,1253,0,77,dan_monson
2018,1254,0,77,derek_kellogg
2018,1255,0,77,jayson_gee
2018,1256,0,77,eric_konkol
2018,1257,0,77,david_padgett
2018,1258,0,77,mike_dunlap
2018,1259,0,77,g_g_smith
2018,1260,0,77,porter_moser
2018,1261,0,77,will_wade
2018,1262,0,77,pat_duquette
2018,1263,0,77,bob_walsh
2018,1264,0,77,steve_masiello
2018,1265,0,77,mike_maker
2018,1266,0,77,steve_wojciechowski
2018,1267,0,77,dan_d'antoni
2018,1268,0,77,mark_turgeon
2018,1269,0,77,matt_mccall
2018,1270,0,77,dave_simmons
2018,1271,0,77,bobby_collins
2018,1272,0,77,tubby_smith
2018,1273,0,77,bob_hoffman
2018,1274,0,77,jim_larranaga
2018,1275,0,77,jack_owens
2018,1276,0,77,john_beilein
2018,1277,0,77,tom_izzo
2018,1278,0,77,richard_pitino
2018,1279,0,77,andy_kennedy
2018,1280,0,77,ben_howland
2018,1281,0,77,cuonzo_martin
2018,1282,0,77,kareem_richardson
2018,1283,0,77,paul_lusk
2018,1284,0,77,king_rice
2018,1285,0,77,travis_decuire
2018,1286,0,77,brian_fish
2018,1287,0,77,preston_spradlin
2018,1288,0,77,todd_bozeman
2018,1290,0,77,andre_payne
2018,1291,0,77,jamion_christian
2018,1292,0,77,kermit_davis
2018,1293,0,77,matt_mcmahon
2018,1294,0,77,jeff_linder
2018,1295,0,77,david_richman
2018,1296,0,77,mark_montgomery
2018,1297,0,77,john_brannen
2018,1298,0,77,ed_dechellis
2018,1299,0,77,jay_joyner
2018,1300,0,77,levelle_moton
2018,1301,0,77,kevin_keatts
2018,1303,0,77,derrin_hansen
2018,1304,0,77,tim_miles
2018,1305,0,77,eric_musselman
2018,1306,0,77,bill_herrion
2018,1307,0,77,paul_weir
2018,1308,0,77,chris_jans
2018,1309,0,77,mark_slessinger
2018,1310,0,77,chris_casey
2018,1311,0,77,richie_riley
2018,1312,0,77,brian_kennedy
2018,1313,0,77,robert_jones
2018,1314,0,77,roy_williams
2018,1315,0,77,brian_jones
2018,1316,0,77,matthew_driscoll
2018,1317,0,77,grant_mccasland
2018,1318,0,77,bill_coen
2018,1319,0,77,jack_murphy
2018,1320,0,77,ben_jacobson
2018,1321,0,77,chris_collins
2018,1322,0,77,mike_mcconathy
2018,1323,0,77,mike_brey
2018,1324,0,77,greg_kampe
2018,1325,0,77,saul_phillips
2018,1326,0,77,chris_holtmann
2018,1328,0,77,lon_kruger
2018,1329,0,77,michael_boynton
2018,1330,0,77,jeff_a_jones
2018,1331,0,77,paul_mills
2018,1332,0,77,dana_altman
2018,1333,0,77,wayne_tinkle
2018,1334,0,77,damon_stoudamire
2018,1335,0,77,steve_donahue
2018,1336,0,77,patrick_chambers
2018,1337,0,77,marty_wilson
2018,1338,0,77,kevin_stallings
2018,1339,0,77,terry_porter
2018,1340,0,77,barret_peery
2018,1341,0,77,byron_smith
2018,1342,0,77,dustin_kerns
2018,1343,0,77,mitch_henderson
2018,1344,0,77,ed_cooley
2018,1345,0,77,matt_painter
2018,1346,0,77,baker_dunleavy
2018,1347,0,77,mike_jones
2018,1348,0,77,dan_hurley
2018,1349,0,77,scott_pera
2018,1350,0,77,chris_mooney
2018,1351,0,77,kevin_baggett
2018,1352,0,77,andrew_toole
2018,1353,0,77,steve_pikiell
2018,1354,0,77,murray_garvin
2018,1355,0,77,t_j_otzelberger
2018,1356,0,77,barry_hinson
2018,1357,0,77,anthony_latina
2018,1358,0,77,jason_hooten
2018,1359,0,77,scott_padgett
2018,1360,0,77,lamont_smith
2018,1361,0,77,brian_dutcher
2018,1362,0,77,kyle_smith
2018,1363,0,77,jean_prioleau
2018,1364,0,77,joe_pasternack
2018,1365,0,77,herb_sendek
2018,1366,0,77,horace_broadnax
2018,1367,0,77,kyle_perry
2018,1368,0,77,jay_ladner
2018,1369,0,77,rick_ray
2018,1370,0,77,jim_hayford
2018,1371,0,77,kevin_willard
2018,1372,0,77,kyle_keller
2018,1373,0,77,jimmy_patsos
2018,1374,0,77,tim_jankovich
2018,1375,0,77,matthew_graves
2018,1376,0,77,frank_martin
2018,1377,0,77,craig_smith
2018,1378,0,77,brian_gregory
2018,1379,0,77,doc_sadler
2018,1380,0,77,morris_scott
2018,1381,0,77,todd_simon
2018,1382,0,77,mark_schmidt
2018,1383,0,77,glenn_braica
2018,1384,0,77,rob_krimmel
2018,1385,0,77,chris_mullin
2018,1386,0,77,phil_martelli
2018,1387,0,77,travis_ford
2018,1388,0,77,randy_bennett
2018,1389,0,77,john_dunne
2018,1390,0,77,jerod_haase
2018,1391,0,77,corey_williams
2018,1392,0,77,jeff_boals
2018,1393,0,77,jim_boeheim
2018,1394,0,77,willis_wilson
2018,1395,0,77,jamie_dixon
2018,1396,0,77,fran_dunphy
2018,1397,0,77,rick_barnes
2018,1398,0,77,dana_ford
2018,1399,0,77,steve_payne
2018,1400,0,77,shaka_smart
2018,1401,0,77,billy_kennedy
2018,1402,0,77,danny_kaspar
2018,1403,0,77,chris_beard
2018,1404,0,77,anthony_stewart
2018,1405,0,77,tod_kowalczyk
2018,1406,0,77,pat_skerry
2018,1407,0,77,phil_cunningham
2018,1408,0,77,ed_conroy
2018,1409,0,77,frank_haith
2018,1410,0,77,lew_hill
2018,1411,0,77,mike_davis
2018,1412,0,77,rob_ehsan
2018,1413,0,77,jim_les
2018,1414,0,77,russ_turner
2018,1415,0,63,dennis_cutts
2018,1415,64,77,justin_bell
2018,1416,0,77,johnny_dawkins
2018,1417,0,77,steve_alford
2018,1418,0,77,bob_marlin
2018,1419,0,77,keith_richard
2018,1420,0,77,ryan_odom
2018,1421,0,77,nicholas_mcdevitt
2018,1422,0,77,wes_miller
2018,1423,0,77,c_b_mcgrath
2018,1424,0,77,marvin_menzies
2018,1425,0,77,andy_enfield
2018,1426,0,77,scott_cross
2018,1427,0,77,steve_henson
2018,1428,0,77,larry_krystkowiak
2018,1429,0,77,tim_duryea
2018,1430,0,77,mark_pope
2018,1431,0,29,tim_floyd
2018,1431,30,77,phil_johnson
2018,1433,0,77,mike_rhoades
2018,1434,0,77,matt_lottich
2018,1435,0,77,bryce_drew
2018,1436,0,77,john_becker
2018,1437,0,77,jay_wright
2018,1438,0,77,tony_bennett
2018,1439,0,77,buzz_williams
2018,1440,0,77,dan_earl
2018,1441,0,77,larry_hunter
2018,1442,0,77,bill_wright
2018,1443,0,77,rick_stansbury
2018,1444,0,77,steve_hawkins
2018,1447,0,77,bashir_mason
2018,1448,0,77,danny_manning
2018,1449,0,77,mike_hopkins
2018,1450,0,77,ernie_kent
2018,1451,0,77,randy_rahe
2018,1452,0,77,bob_huggins
2018,1453,0,77,linc_darner
2018,1454,0,77,pat_baldwin
2018,1455,0,77,gregg_marshall
2018,1456,0,77,tony_shaver
2018,1457,0,77,pat_kelsey
2018,1458,0,77,greg_gard
2018,1459,0,77,mike_young
2018,1460,0,77,scott_nagy
2018,1461,0,77,allen_edwards
2018,1462,0,77,chris_mack
2018,1463,0,77,james_jones
2018,1464,0,77,jerrod_calhoun
2019,1101,0,77,joe_golding
2019,1102,0,77,dave_pilipovich
2019,1103,0,77,john_groce
2019,1104,0,77,avery_johnson
2019,1105,0,77,VACANT
2019,1106,0,77,lewis_jackson
2019,1107,0,77,will_brown
2019,1108,0,77,montez_robinson
2019,1110,0,77,mike_brennan
2019,1111,0,77,jim_fox
2019,1112,0,77,sean_miller
2019,1113,0,77,bobby_hurley
2019,1114,0,77,darrell_walker
2019,1115,0,77,george_ivory
2019,1116,0,77,mike_anderson
2019,1117,0,77,mike_balado
2019,1119,0,77,jimmy_allen
2019,1120,0,77,bruce_pearl
2019,1122,0,77,matt_figger
2019,1123,0,77,james_whitford
2019,1124,0,77,scott_drew
2019,1125,0,77,rick_byrd
2019,1126,0,77,ryan_ridder
2019,1127,0,77,tommy_dempsey
2019,1129,0,77,leon_rice
2019,1130,0,77,jim_christian
2019,1131,0,77,joe_jones
2019,1132,0,77,michael_huger
2019,1133,0,77,brian_wardle
2019,1135,0,77,mike_martin_brn
2019,1136,0,77,jared_grasso
2019,1137,0,77,nathan_davis
2019,1138,0,77,nate_oats
2019,1139,0,77,lavall_jordan
2019,1140,0,77,dave_rose
2019,1141,0,77,keno_davis
2019,1142,0,77,joe_callero
2019,1143,0,77,wyking_jones
2019,1144,0,77,kevin_mcgeehan
2019,1145,0,77,reggie_witherspoon
2019,1146,0,77,russ_pennell
2019,1148,0,77,donyell_marshall
2019,1149,0,77,barclay_radebaugh
2019,1150,0,44,ron_sanchez
2019,1151,0,77,lamont_paris
2019,1152,0,77,
2019,1153,0,77,mick_cronin
2019,1154,0,77,duggar_baucom
2019,1155,0,77,brad_brownell
2019,1156,0,77,dennis_felton
2019,1157,0,77,cliff_ellis
2019,1158,0,77,earl_grant
2019,1159,0,77,matt_langel
2019,1160,0,77,tad_boyle
2019,1161,0,77,niko_medved
2019,1162,0,77,jim_engles
2019,1163,0,77,dan_hurley
2019,1164,0,77,juan_dixon
2019,1165,0,77,brian_earl
2019,1166,0,77,greg_mcdermott
2019,1167,0,77,rod_barnes
2019,1168,0,77,dedrique_taylor
2019,1169,0,77,mark_gottfried
2019,1170,0,77,brian_katz
2019,1171,0,77,david_mclaughlin
2019,1172,0,77,bob_mckillop
2019,1173,0,77,anthony_grant
2019,1174,0,77,martin_ingelsby
2019,1175,0,77,VACANT
2019,1176,0,77,rodney_billups
2019,1177,0,77,dave_leitao
2019,1178,0,77,VACANT
2019,1179,0,77,darian_devries
2019,1180,0,77,zach_spiker
2019,1181,0,77,mike_krzyzewski
2019,1182,0,77,keith_dambrot
2019,1183,0,77,jay_spoonhour
2019,1184,0,77,aw_hamilton
2019,1185,0,77,rob_murphy
2019,1186,0,77,shantay_legans
2019,1187,0,30,jeff_lebo
2019,1188,0,77,jon_harris
2019,1189,0,77,matt_matheny
2019,1190,0,77,steve_forbes
2019,1191,0,77,walter_mccarty
2019,1192,0,77,greg_herenda
2019,1193,0,77,sydney_johnson
2019,1194,0,77,dusty_may
2019,1195,0,77,michael_fly
2019,1196,0,77,michael_white
2019,1197,0,77,robert_mccullum
2019,1198,0,77,jeremy_ballard
2019,1199,0,77,leonard_hamilton
2019,1200,0,77,jeff_neubauer
2019,1201,0,77,justin_hutson
2019,1202,0,77,bob_richey
2019,1203,0,77,maurice_joseph
2019,1204,0,77,mark_byington
2019,1205,0,77,tim_craft
2019,1206,0,77,dave_paulsen
2019,1207,0,77,patrick_ewing
2019,1208,0,77,tom_crean
2019,1209,0,77,ron_hunter
2019,1210,0,77,josh_pastner
2019,1211,0,77,mark_few
2019,1212,0,77,donte_jackson
2019,1213,0,77,dan_majerle
2019,1214,0,77,edward_joyner
2019,1216,0,77,john_gallagher
2019,1217,0,77,tommy_amaker
2019,1218,0,77,eran_ganot
2019,1219,0,77,tubby_smith
2019,1220,0,77,joe_mihalich
2019,1221,0,77,bill_carmody
2019,1222,0,77,kelvin_sampson
2019,1223,0,77,ron_cottrell
2019,1224,0,77,kevin_nickelberry
2019,1225,0,77,don_verlin
2019,1226,0,77,bill_evans
2019,1227,0,77,steve_mcclain
2019,1228,0,77,brad_underwood
2019,1229,0,77,dan_muller
2019,1230,0,77,carson_cunningham
2019,1231,0,77,archie_miller
2019,1232,0,77,greg_lansing
2019,1233,0,77,tim_cluess
2019,1234,0,77,fran_mccaffery
2019,1235,0,77,steve_prohm
2019,1236,0,77,jon_coffman
2019,1237,0,77,jason_gardner
2019,1238,0,77,wayne_brent
2019,1239,0,77,tony_jasick
2019,1240,0,77,ray_harper
2019,1241,0,77,louis_rowe
2019,1242,0,77,bill_self
2019,1243,0,77,bruce_weber
2019,1244,0,77,al_skinner
2019,1245,0,77,rob_senderoff
2019,1246,0,77,john_calipari
2019,1247,0,77,ashley_howard
2019,1248,0,77,fran_o'hanlon
2019,1249,0,77,tic_price
2019,1250,0,77,brett_reed
2019,1251,0,77,ritchie_mckay
2019,1252,0,77,casey_alexander
2019,1253,0,77,dan_monson
2019,1254,0,77,derek_kellogg
2019,1255,0,77,griff_aldrich
2019,1256,0,77,eric_konkol
2019,1257,0,77,chris_mack
2019,1258,0,77,mike_dunlap
2019,1259,0,77,tarvaras_hardy
2019,1260,0,77,porter_moser
2019,1261,0,77,will_wade
2019,1262,0,77,pat_duquette
2019,1263,0,77,richard_barron
2019,1264,0,77,steve_masiello
2019,1265,0,77,john_dunne
2019,1266,0,77,steve_wojciechowski
2019,1267,0,77,dan_d'antoni
2019,1268,0,77,mark_turgeon
2019,1269,0,77,matt_mccall
2019,1270,0,77,heath_schroyer
2019,1271,0,77,clifford_reed
2019,1272,0,77,penny_hardaway
2019,1273,0,77,bob_hoffman
2019,1274,0,77,jim_larranaga
2019,1275,0,77,jack_owens
2019,1276,0,77,john_beilein
2019,1277,0,77,tom_izzo
2019,1278,0,77,richard_pitino
2019,1279,0,77,kermit_davis
2019,1280,0,77,ben_howland
2019,1281,0,77,cuonzo_martin
2019,1282,0,77,kareem_richardson
2019,1283,0,77,dana_ford
2019,1284,0,77,king_rice
2019,1285,0,77,travis_decuire
2019,1286,0,77,brian_fish
2019,1287,0,77,preston_spradlin
2019,1288,0,77,todd_bozeman
2019,1290,0,77,andre_payne
2019,1291,0,77,dan_engelstad
2019,1292,0,77,nick_mcdevitt
2019,1293,0,77,matt_mcmahon
2019,1294,0,77,jeff_linder
2019,1295,0,77,david_richman
2019,1296,0,77,mark_montgomery
2019,1297,0,77,john_brannen
2019,1298,0,77,ed_dechellis
2019,1299,0,77,jay_joyner
2019,1300,0,77,levelle_moton
2019,1301,0,77,kevin_keatts
2019,1303,0,77,derrin_hansen
2019,1304,0,77,tim_miles
2019,1305,0,77,eric_musselman
2019,1306,0,77,bill_herrion
2019,1307,0,77,paul_weir
2019,1308,0,77,chris_jans
2019,1309,0,77,mark_slessinger
2019,1310,0,77,chris_casey
2019,1311,0,77,ausitn_claunch
2019,1312,0,77,brian_kennedy
2019,1313,0,77,robert_jones
2019,1314,0,77,roy_williams
2019,1315,0,77,brian_jones
2019,1316,0,77,matthew_driscoll
2019,1317,0,77,grant_mccasland
2019,1318,0,77,bill_coen
2019,1319,0,77,jack_murphy
2019,1320,0,77,ben_jacobson
2019,1321,0,77,chris_collins
2019,1322,0,77,mike_mcconathy
2019,1323,0,77,mike_brey
2019,1324,0,77,greg_kampe
2019,1325,0,77,saul_phillips
2019,1326,0,77,chris_holtmann
2019,1328,0,77,lon_kruger
2019,1329,0,77,michael_boynton
2019,1330,0,77,jeff_a_jones
2019,1331,0,77,paul_mills
2019,1332,0,77,dana_altman
2019,1333,0,77,wayne_tinkle
2019,1334,0,77,damon_stoudamire
2019,1335,0,77,steve_donahue
2019,1336,0,77,patrick_chambers
2019,1337,0,77,lorenzo_romar
2019,1338,0,77,jeff_capel
2019,1339,0,77,terry_porter
2019,1340,0,77,barret_peery
2019,1341,0,77,byron_smith
2019,1342,0,77,dustin_kerns
2019,1343,0,77,mitch_henderson
2019,1344,0,77,ed_cooley
2019,1345,0,77,matt_painter
2019,1346,0,77,baker_dunleavy
2019,1347,0,77,mike_jones
2019,1348,0,77,david_cox
2019,1349,0,77,scott_pera
2019,1350,0,77,chris_mooney
2019,1351,0,77,kevin_baggett
2019,1352,0,77,andrew_toole
2019,1353,0,77,steve_pikiell
2019,1354,0,77,murray_garvin
2019,1355,0,77,t_j_otzelberger
2019,1356,0,77,barry_hinson
2019,1357,0,77,anthony_latina
2019,1358,0,77,jason_hooten
2019,1359,0,77,scott_padgett
2019,1360,0,77,lamont_smith
2019,1361,0,77,brian_dutcher
2019,1362,0,77,kyle_smith
2019,1363,0,77,jean_prioleau
2019,1364,0,77,joe_pasternack
2019,1365,0,77,herb_sendek
2019,1366,0,77,horace_broadnax
2019,1367,0,77,dave_dickerson
2019,1368,0,77,jay_ladner
2019,1369,0,77,rick_ray
2019,1370,0,77,jim_hayford
2019,1371,0,77,kevin_willard
2019,1372,0,77,kyle_keller
2019,1373,0,77,jamion_christian
2019,1374,0,77,tim_jankovich
2019,1375,0,77,richie_riley
2019,1376,0,77,frank_martin
2019,1377,0,77,todd_lee
2019,1378,0,77,brian_gregory
2019,1379,0,77,doc_sadler
2019,1380,0,77,sean_woods
2019,1381,0,77,todd_simon
2019,1382,0,77,mark_schmidt
2019,1383,0,77,glenn_braica
2019,1384,0,77,rob_krimmel
2019,1385,0,77,chris_mullin
2019,1386,0,77,phil_martelli
2019,1387,0,77,travis_ford
2019,1388,0,77,randy_bennett
2019,1389,0,77,john_dunne
2019,1390,0,77,jerod_haase
2019,1391,0,77,corey_williams
2019,1392,0,77,jeff_boals
2019,1393,0,77,jim_boeheim
2019,1394,0,77,willis_wilson
2019,1395,0,77,jamie_dixon
2019,1396,0,77,fran_dunphy
2019,1397,0,77,rick_barnes
2019,1398,0,77,brian_collins
2019,1399,0,77,steve_payne
2019,1400,0,77,shaka_smart
2019,1401,0,77,billy_kennedy
2019,1402,0,77,danny_kaspar
2019,1403,0,77,chris_beard
2019,1404,0,77,anthony_stewart
2019,1405,0,77,tod_kowalczyk
2019,1406,0,77,pat_skerry
2019,1407,0,77,phil_cunningham
2019,1408,0,77,ed_conroy
2019,1409,0,77,frank_haith
2019,1410,0,77,lew_hill
2019,1411,0,77,mike_davis
2019,1412,0,77,rob_ehsan
2019,1413,0,77,jim_les
2019,1414,0,77,russ_turner
2019,1415,0,63,dennis_cutts
2019,1415,64,77,david_patrick
2019,1416,0,77,johnny_dawkins
2019,1417,0,77,steve_alford
2019,1418,0,77,bob_marlin
2019,1419,0,77,keith_richard
2019,1420,0,77,ryan_odom
2019,1421,0,77,mike_morrell
2019,1422,0,77,wes_miller
2019,1423,0,77,c_b_mcgrath
2019,1424,0,77,marvin_menzies
2019,1425,0,77,andy_enfield
2019,1426,0,77,chris_ogden
2019,1427,0,77,steve_henson
2019,1428,0,77,larry_krystkowiak
2019,1429,0,77,craig_smith
2019,1430,0,77,mark_pope
2019,1431,0,29,rodney_terry
2019,1433,0,77,mike_rhoades
2019,1434,0,77,matt_lottich
2019,1435,0,77,bryce_drew
2019,1436,0,77,john_becker
2019,1437,0,77,jay_wright
2019,1438,0,77,tony_bennett
2019,1439,0,77,buzz_williams
2019,1440,0,77,dan_earl
2019,1441,0,77,mark_prosser
2019,1442,0,77,bill_wright
2019,1443,0,77,rick_stansbury
2019,1444,0,77,steve_hawkins
2019,1447,0,77,bashir_mason
2019,1448,0,77,danny_manning
2019,1449,0,77,mike_hopkins
2019,1450,0,77,ernie_kent
2019,1451,0,77,randy_rahe
2019,1452,0,77,bob_huggins
2019,1453,0,77,linc_darner
2019,1454,0,77,pat_baldwin
2019,1455,0,77,gregg_marshall
2019,1456,0,77,tony_shaver
2019,1457,0,77,pat_kelsey
2019,1458,0,77,greg_gard
2019,1459,0,77,mike_young
2019,1460,0,77,scott_nagy
2019,1461,0,77,allen_edwards
2019,1462,0,77,travis_steele
2019,1463,0,77,james_jones
2019,1464,0,77,jerrod_calhoun
